Splitting first generation
Generating sampling points
Constructing Gabrial graph and minimizer pool
Triangulation completed, building minimizer pool
Starting minimization at [1.01996094e+00 5.85937500e-05 1.32929688e+00 3.68359375e-01]...
lres =       fun: -34066312780.76739
 hess_inv: array([[ 6.85329145e-32, -6.07446051e-36,  2.57854403e-31,
         9.90189973e-31],
       [-6.07446051e-36,  7.81015148e-35,  6.17220661e-33,
         2.46711107e-34],
       [ 2.57854403e-31,  6.17220661e-33,  3.64546466e-28,
         2.73633406e-29],
       [ 9.90189973e-31,  2.46711107e-34,  2.73633406e-29,
         1.65013536e-27]])
      jac: DeviceArray([ 2.74944046e+19, -6.53618211e+18, -2.87729943e+16,
             -6.47137176e+15])
  message: 'Desired error not necessarily achieved due to precision loss.'
     nfev: 217
      nit: 49
     njev: 205
   status: 2
  success: False
        x: array([ 1.01979985e+00, -6.00431104e-15,  1.38626898e+00, -1.00924036e-11])
Starting minimization at [1.01952148e+00 3.07617188e-04 1.30439453e+00 3.99316406e-01]...
lres =       fun: -33933351106.842377
 hess_inv: array([[ 2.21091692e-20,  2.07935529e-20,  2.73684412e-27,
        -7.06902815e-28],
       [ 2.07937275e-20,  2.30534722e-20,  1.55030830e-27,
        -4.30367266e-28],
       [ 2.73684399e-27,  1.55026647e-27,  3.23030080e-31,
        -4.92464874e-32],
       [-7.06903685e-28, -4.30356236e-28, -4.92464876e-32,
         3.19599638e-32]])
      jac: DeviceArray([ 4.23711008e+12, -4.72095185e+12, -6.03026075e+18,
              3.69075782e+17])
  message: 'Desired error not necessarily achieved due to precision loss.'
     nfev: 220
      nit: 18
     njev: 217
   status: 2
  success: False
        x: array([ 1.01961125e+00, -1.93718475e-07,  1.41222165e+00,  8.96876686e-15])
Starting minimization at [1.02012207e+00 1.06201172e-03 1.33149414e+00 3.97509766e-01]...
lres =       fun: -34060709752.884327
 hess_inv: array([[ 1.00490317e-27, -1.01137165e-27,  1.53316981e-32,
        -9.96732036e-33],
       [-1.01137165e-27,  4.20332059e-27, -4.95920579e-32,
         5.80906019e-32],
       [ 1.53316981e-32, -4.95920579e-32,  2.73603454e-36,
        -1.59669597e-36],
       [-9.96732036e-33,  5.80906019e-32, -1.59669597e-36,
         2.21700719e-36]])
      jac: DeviceArray([ 2.83573067e+16,  7.69621951e+15,  2.68471002e+10,
             -9.68638717e+20])
  message: 'Desired error not necessarily achieved due to precision loss.'
     nfev: 283
      nit: 46
     njev: 277
   status: 2
  success: False
        x: array([ 1.01972605e+00,  7.44732787e-12,  1.37655329e+00, -4.22648861e-16])
Starting minimization at [1.01877441e+00 5.61523438e-05 1.35786133e+00 3.89892578e-01]...
lres =       fun: -33912532553.79692
 hess_inv: array([[ 4.57713642e-36,  1.93913474e-36,  1.12174508e-29,
        -1.00429055e-28],
       [ 1.93913474e-36,  9.99998168e-37,  2.13299892e-30,
        -4.80248839e-29],
       [ 1.12174508e-29,  2.13299892e-30,  6.09955549e-21,
        -3.70174180e-21],
       [-1.00429055e-28, -4.80248839e-29, -3.70174180e-21,
         2.49142873e-20]])
      jac: DeviceArray([-2.53141153e+21, -1.10104483e+20, -4.39061726e+12,
             -3.60365114e+12])
  message: 'Desired error not necessarily achieved due to precision loss.'
     nfev: 198
      nit: 38
     njev: 186
   status: 2
  success: False
        x: array([ 1.01985457e+00, -1.89397491e-17,  1.34547942e+00, -7.98916212e-08])
Starting minimization at [1.01977051e+00 1.04980469e-04 1.39204102e+00 3.77587891e-01]...
lres =       fun: -33641016520.75243
 hess_inv: array([[ 1.07432344e-35, -7.19017811e-37,  1.27811067e-29,
         1.89125527e-29],
       [-7.19017811e-37,  3.74495312e-37, -8.49066947e-31,
        -3.41035976e-31],
       [ 1.27811067e-29, -8.49066947e-31,  2.99828520e-23,
         4.43882468e-23],
       [ 1.89125527e-29, -3.41035977e-31,  4.43882468e-23,
         1.08060124e-22]])
      jac: DeviceArray([ 9.62567107e+20, -7.50620518e+20, -3.01753669e+13,
             -5.52560936e+13])
  message: 'Desired error not necessarily achieved due to precision loss.'
     nfev: 207
      nit: 37
     njev: 195
   status: 2
  success: False
        x: array([ 1.01979523e+00, -3.39583566e-16,  1.30958069e+00, -1.90752848e-09])
Starting minimization at [1.02020996e+00 1.87988281e-04 1.36713867e+00 3.59326172e-01]...
lres =       fun: -33936419279.70204
 hess_inv: array([[ 4.80895687e-31, -5.05946084e-35, -2.63853592e-31,
         1.70565684e-32],
       [-5.05946084e-35,  1.30625497e-32, -8.32597639e-32,
         3.59902171e-32],
       [-2.63853592e-31, -8.32597639e-32,  2.01607322e-30,
        -7.47054798e-31],
       [ 1.70565684e-32,  3.59902171e-32, -7.47054798e-31,
         5.47034703e-31]])
      jac: DeviceArray([-2.33768117e+19, -2.92359870e+18, -2.19922483e+18,
              3.23219984e+17])
  message: 'Desired error not necessarily achieved due to precision loss.'
     nfev: 212
      nit: 38
     njev: 200
   status: 2
  success: False
        x: array([ 1.01971835e+00, -1.00216806e-14,  1.34423669e+00,  7.98709683e-14])
Starting minimization at [1.02047363e+00 7.69042969e-04 1.30219727e+00 3.61181641e-01]...
lres =       fun: -33708123263.18872
 hess_inv: array([[ 2.66814053e-33,  2.45949004e-33, -1.63800891e-25,
        -5.00193480e-26],
       [ 2.45949004e-33,  8.42554782e-33, -2.81188970e-25,
        -1.04941566e-25],
       [-1.63800891e-25, -2.81188970e-25,  1.76445482e-17,
         1.97697367e-18],
       [-5.00193480e-26, -1.04941566e-25,  1.97697367e-18,
         7.44916095e-18]])
      jac: DeviceArray([2.75345707e+19, 1.46886943e+19, 9.67701720e+10,
             2.98528845e+11])
  message: 'Desired error not necessarily achieved due to precision loss.'
     nfev: 182
      nit: 26
     njev: 177
   status: 2
  success: False
        x: array([1.01938110e+00, 8.83125905e-15, 1.42128023e+00, 1.53454154e-06])
Starting minimization at [1.01959473e+00 9.35058594e-04 1.35200195e+00 3.49658203e-01]...
lres =       fun: -34051358287.50261
 hess_inv: array([[ 5.33836639e-36,  1.82542888e-36, -9.71782998e-36,
        -1.75645995e-34],
       [ 1.82542888e-36,  6.67707099e-37, -5.76226264e-36,
        -3.98977187e-35],
       [-9.71782998e-36, -5.76226264e-36,  5.65528732e-33,
         6.43092927e-34],
       [-1.75645995e-34, -3.98977187e-35,  6.43092927e-34,
         3.92091109e-32]])
      jac: DeviceArray([-4.54029299e+11, -3.15079794e+21, -3.80684368e+18,
              5.12848870e+18])
  message: 'Desired error not necessarily achieved due to precision loss.'
     nfev: 278
      nit: 73
     njev: 270
   status: 2
  success: False
        x: array([ 1.01976482e+00, -7.35014593e-17,  1.36384863e+00,  2.67582833e-14])
Starting minimization at [1.02016602e+00 4.34570313e-04 1.38701172e+00 3.47167969e-01]...
lres =       fun: -33742326632.673893
 hess_inv: DeviceArray([[ 1.58955385e-36, -2.16295497e-37, -5.47417413e-29,
              -9.70468122e-28],
             [-2.16294679e-37,  4.70609058e-36, -2.20186527e-28,
               1.02113034e-27],
             [-5.47433033e-29, -2.20185046e-28,  1.84382373e-19,
               6.63384427e-20],
             [-9.70468699e-28,  1.02113161e-27,  6.63370656e-20,
               1.88223192e-18]])
      jac: DeviceArray([-8.25275444e+20,  3.48996353e+20, -1.15270110e+11,
             -5.18489279e+11])
  message: 'Desired error not necessarily achieved due to precision loss.'
     nfev: 217
      nit: 29
     njev: 200
   status: 2
  success: False
        x: DeviceArray([ 1.01996205e+00,  3.68246106e-16,  1.32642611e+00,
             -7.96060812e-07])
Starting minimization at [1.01848145e+00 7.88574219e-04 1.39790039e+00 3.37353516e-01]...
lres =       fun: -33732442871.99233
 hess_inv: array([[ 5.77151450e-23, -8.23686490e-23, -2.85737709e-27,
        -1.46393770e-26],
       [-8.23686489e-23,  1.01276616e-21,  1.78052084e-26,
         9.12794003e-26],
       [-2.85737709e-27,  1.78052084e-26,  3.95717625e-31,
         2.02871820e-30],
       [-1.46393770e-26,  9.12794003e-26,  2.02871820e-30,
         1.04007962e-29]])
      jac: DeviceArray([ 1.65420016e+14,  5.87393908e+13,  2.03184432e+20,
             -3.45307688e+19])
  message: 'Desired error not necessarily achieved due to precision loss.'
     nfev: 167
      nit: 25
     njev: 159
   status: 2
  success: False
        x: array([ 1.01982272e+00,  4.19007345e-09,  1.31870835e+00, -1.08740390e-15])
Starting minimization at [1.01928711e+00 3.46679687e-04 1.36298828e+00 3.34472656e-01]...
lres =       fun: -34057863792.153873
 hess_inv: array([[7.94530463e-36, 3.83743292e-35, 1.49978813e-35, 4.30607685e-36],
       [3.83743292e-35, 1.87243286e-34, 7.21129381e-35, 2.17189811e-35],
       [1.49978813e-35, 7.21129381e-35, 2.92947850e-35, 7.55977304e-36],
       [4.30607685e-36, 2.17189811e-35, 7.55977304e-36, 5.20413480e-36]])
      jac: DeviceArray([ 3.48386042e+21, -1.11863296e+20, -2.21342476e+20,
             -3.59528891e+20])
  message: 'Desired error not necessarily achieved due to precision loss.'
     nfev: 274
      nit: 57
     njev: 262
   status: 2
  success: False
        x: array([ 1.01979580e+00, -1.39824690e-17,  1.35563668e+00, -1.06420658e-15])
Starting minimization at [1.01981445e+00 7.27539062e-04 1.33974609e+00 3.28027344e-01]...
lres =       fun: -34075292076.93981
 hess_inv: array([[ 2.53400738e-34,  9.79146484e-34, -1.82476340e-26,
         8.02912108e-28],
       [ 9.79146484e-34,  3.78415821e-33, -7.05607316e-26,
         3.09766001e-27],
       [-1.82476340e-26, -7.05607316e-26,  4.65433721e-18,
         4.87261212e-19],
       [ 8.02912111e-28,  3.09766002e-27,  4.87261297e-19,
         4.84165596e-18]])
      jac: DeviceArray([-3.22047772e+21,  6.96987053e+20,  9.87834741e+10,
             -8.33880006e+09])
  message: 'Desired error not necessarily achieved due to precision loss.'
     nfev: 194
      nit: 29
     njev: 182
   status: 2
  success: False
        x: array([ 1.01979606e+00,  9.42456477e-17,  1.38184896e+00, -1.96479595e-07])
Starting minimization at [1.01994629e+00 5.63964844e-04 1.32426758e+00 3.25048828e-01]...
lres =       fun: -34009075632.281837
 hess_inv: array([[-8.25530789e-20,  9.26253324e-20, -2.88090233e-19,
        -6.55496932e-19],
       [ 9.26291141e-20, -1.03884902e-19,  3.23232531e-19,
         7.36203676e-19],
       [-2.97032075e-19,  3.33265108e-19,  1.07765488e-17,
        -3.02046561e-18],
       [-5.45745202e-19,  6.12872376e-19, -2.56658335e-18,
         1.69912337e-17]])
      jac: DeviceArray([ 1.66661840e+14,  1.17993857e+14,  6.52706028e+09,
             -1.46949904e+11])
  message: 'Desired error not necessarily achieved due to precision loss.'
     nfev: 82
      nit: 6
     njev: 70
   status: 2
  success: False
        x: array([ 1.01982589e+00,  2.57277745e-09,  1.39945339e+00, -4.99757349e-06])
Starting minimization at [1.02025391e+00 8.10546875e-04 1.31464844e+00 3.08789062e-01]...
lres =       fun: -33991359177.422558
 hess_inv: array([[ 3.24601109e-33,  6.98825113e-33, -7.01837410e-31,
         5.82535116e-31],
       [ 6.98825113e-33,  1.54749040e-32, -1.53394723e-30,
         1.42497384e-30],
       [-7.01837410e-31, -1.53394723e-30,  1.43284854e-27,
         6.31648266e-28],
       [ 5.82535116e-31,  1.42497384e-30,  6.31648266e-28,
         4.17140320e-27]])
      jac: DeviceArray([-4.27198699e+19, -2.45329724e+19, -2.84239156e+16,
              1.55745876e+16])
  message: 'Desired error not necessarily achieved due to precision loss.'
     nfev: 230
      nit: 49
     njev: 220
   status: 2
  success: False
        x: array([ 1.01979349e+00, -4.75151331e-15,  1.41085853e+00,  1.67666819e-11])
Starting minimization at [1.02003418e+00 6.86035156e-04 1.37709961e+00 3.18115234e-01]...
lres =       fun: -33940524761.986065
 hess_inv: array([[ 5.12371821e-25,  2.82771515e-25, -5.05613648e-30,
        -1.38834102e-30],
       [ 2.82771515e-25,  1.39980581e-24, -2.69499175e-30,
        -7.81675607e-31],
       [-5.05613649e-30, -2.69499175e-30,  2.81308959e-34,
         7.66240277e-35],
       [-1.38834103e-30, -7.81675608e-31,  7.66240277e-35,
         2.19616890e-35]])
      jac: DeviceArray([-1.22948507e+15,  1.24043539e+14, -3.86424905e+11,
              5.81574877e+20])
  message: 'Desired error not necessarily achieved due to precision loss.'
     nfev: 209
      nit: 31
     njev: 200
   status: 2
  success: False
        x: array([1.01982588e+00, 1.51735737e-10, 1.34570898e+00, 6.92293712e-16])
Starting minimization at [1.01963867 0.00177246 1.37587891 0.30595703]...
lres =       fun: -33953566621.524063
 hess_inv: array([[ 8.18007291e-34, -6.34341761e-36, -4.01306603e-28,
         8.04999689e-28],
       [-6.34333862e-36,  1.27544673e-33,  7.76434017e-29,
        -1.76329663e-28],
       [-4.01306598e-28,  7.76434296e-29,  7.82985505e-22,
        -4.67991683e-22],
       [ 8.04999683e-28, -1.76329719e-28, -4.67991684e-22,
         6.16163241e-21]])
      jac: DeviceArray([ 2.48449356e+19, -5.27140150e+17, -2.11876549e+13,
              3.71690057e+12])
  message: 'Desired error not necessarily achieved due to precision loss.'
     nfev: 199
      nit: 23
     njev: 191
   status: 2
  success: False
        x: array([ 1.01984796e+00, -1.00703684e-15,  1.34997807e+00,  1.34847473e-08])
Starting minimization at [1.01944824e+00 3.14941406e-04 1.34936523e+00 3.06787109e-01]...
lres =       fun: -34063901069.184486
 hess_inv: array([[ 1.29887888e-31,  9.42326113e-32,  1.29593695e-28,
        -2.07489918e-28],
       [ 9.42326113e-32,  6.84271804e-32,  9.61793622e-29,
        -1.51214370e-28],
       [ 1.29593695e-28,  9.61793622e-29,  4.58847231e-25,
        -2.46271998e-25],
       [-2.07489918e-28, -1.51214370e-28, -2.46271998e-25,
         1.40804098e-24]])
      jac: DeviceArray([-1.54112281e+20, -1.21810624e+19,  2.58296029e+15,
             -5.31338662e+14])
  message: 'Desired error not necessarily achieved due to precision loss.'
     nfev: 204
      nit: 26
     njev: 201
   status: 2
  success: False
        x: array([ 1.01981042e+00, -5.50704584e-16,  1.37551782e+00, -2.71310604e-11])
Starting minimization at [1.01878906e+00 5.66406250e-04 1.38789062e+00 3.03515625e-01]...
lres =       fun: -33704841863.178467
 hess_inv: array([[ 2.65492204e-34,  3.69876015e-34, -1.89397478e-29,
        -1.41092775e-30],
       [ 3.69876015e-34,  5.18915822e-34, -2.65852879e-29,
        -2.63429148e-30],
       [-1.89397478e-29, -2.65852879e-29,  1.39261994e-24,
         1.72460022e-25],
       [-1.41092775e-30, -2.63429148e-30,  1.72460022e-25,
         3.62856216e-25]])
      jac: DeviceArray([-2.00535935e+20,  4.21985866e+20,  1.76535474e+15,
             -6.70395705e+14])
  message: 'Desired error not necessarily achieved due to precision loss.'
     nfev: 245
      nit: 38
     njev: 236
   status: 2
  success: False
        x: array([ 1.02015561e+00,  9.16029601e-16,  1.33950126e+00, -1.94373720e-10])
Successfully completed construction of complex.
