


*************** Global Optimization ***************
Splitting first generation
Generating sampling points
Constructing Gabrial graph and minimizer pool
Triangulation completed, building minimizer pool
Starting minimization at [ 83.59375 -52.34375   0.78125 -17.96875]...
lres =       fun: -63888.583620727775
 hess_inv: array([[ 4.21192321e+11, -2.63789616e+11,  4.14619484e+05,
         8.56011514e+05],
       [-2.63789616e+11,  1.65209473e+11, -2.59673096e+05,
        -5.36113639e+05],
       [ 4.14619484e+05, -2.59673096e+05,  4.08149551e-01,
         8.42652248e-01],
       [ 8.56011514e+05, -5.36113639e+05,  8.42652248e-01,
         1.73972280e+00]])
      jac: DeviceArray([ -4.11837365,  -6.57601071, -90.28845244, -15.31691646])
  message: 'Desired error not necessarily achieved due to precision loss.'
     nfev: 129
      nit: 48
     njev: 117
   status: 2
  success: False
        x: array([ 1.20702748, -0.74570902, -1.3714009 ,  0.34522481])
Starting minimization at [-100. -100. -100. -100.]...
lres =       fun: -49534.181272589914
 hess_inv: array([[ 1.00462464e+00,  4.62518425e-03, -1.93185091e+02,
        -1.93301761e+02],
       [ 4.62518425e-03,  1.00462573e+00, -1.93208008e+02,
        -1.93324692e+02],
       [-1.93185091e+02, -1.93208008e+02,  8.06992971e+06,
         8.07480237e+06],
       [-1.93301761e+02, -1.93324692e+02,  8.07480237e+06,
         8.07967997e+06]])
      jac: DeviceArray([-5.71971668e-07, -5.72037663e-07,  8.64306203e-06,
              8.64793667e-06])
  message: 'Optimization terminated successfully.'
     nfev: 19
      nit: 14
     njev: 19
   status: 0
  success: True
        x: array([  -99.9687961 ,   -99.9687924 , -1404.23819536, -1405.02586506])
Starting minimization at [-46.09375  89.84375  96.09375  99.21875]...
lres =       fun: -49534.18119254775
 hess_inv: array([[ 1.01231899e+00, -2.40442789e-02,  3.06784382e+02,
         3.16975142e+02],
       [-2.40442789e-02,  1.04692976e+00, -5.98783539e+02,
        -6.18673925e+02],
       [ 3.06784382e+02, -5.98783539e+02,  7.63996569e+06,
         7.89374896e+06],
       [ 3.16975142e+02, -6.18673925e+02,  7.89374896e+06,
         8.15596444e+06]])
      jac: DeviceArray([-1.01516571e-06,  1.98145506e-06, -8.64568696e-06,
             -8.93248686e-06])
  message: 'Optimization terminated successfully.'
     nfev: 19
      nit: 14
     njev: 19
   status: 0
  success: True
        x: array([ -46.04247158,   89.74366448, 1373.90738007, 1419.47878557])
Starting minimization at [-32.8125 -32.8125   1.5625 -26.5625]...
lres =       fun: -69832.0608349392
 hess_inv: array([[ 1.40702729e-10, -1.46845800e-11, -1.09718443e-10,
        -3.48347591e-10],
       [-1.46845800e-11,  1.38357394e-09,  3.45038577e-10,
         2.96358221e-11],
       [-1.09718443e-10,  3.45038577e-10,  9.99008454e-07,
        -4.00158071e-07],
       [-3.48347591e-10,  2.96358225e-11, -4.00158071e-07,
         8.07601969e-06]])
      jac: DeviceArray([-6.42846804e-04, -7.91467726e-04,  3.56609235e-06,
             -6.23986125e-07])
  message: 'Desired error not necessarily achieved due to precision loss.'
     nfev: 216
      nit: 74
     njev: 205
   status: 2
  success: False
        x: array([ 1.02001305, -0.00389857,  1.37171274,  0.34527303])
Successfully completed construction of complex.
