Splitting first generation
Generating sampling points
Constructing Gabrial graph and minimizer pool
Triangulation completed, building minimizer pool
Starting minimization at [ 1.66137695e+02 -3.82446289e+02 -3.66210938e-01 -1.33056641e+01]...
lres =       fun: DeviceArray(-63885.06313447)
 hess_inv: array([[ 1.73491890e+00, -1.69235019e+00,  5.93121190e-04,
         1.20216492e-05],
       [-1.69235019e+00,  4.89709553e+00, -1.36587195e-03,
        -2.76817996e-05],
       [ 5.93121190e-04, -1.36587195e-03,  1.00117160e-06,
        -4.02374629e-07],
       [ 1.20216492e-05, -2.76817996e-05, -4.02374629e-07,
         8.11775964e-06]])
      jac: DeviceArray([ 9.23517973e-08, -2.12665157e-07,  8.37682892e-05,
              2.84690759e-06])
  message: 'Desired error not necessarily achieved due to precision loss.'
     nfev: 97
      nit: 28
     njev: 84
   status: 2
  success: False
        x: array([ 1.66137578e+02, -3.82446019e+02, -1.37131557e+00, -3.45400988e-01])
Starting minimization at [-1000. -1000. -1000. -1000.]...
lres =       fun: -49534.1815837052
 hess_inv: array([[ 1.00503206e+00,  5.03130901e-03, -2.11603790e+02,
        -2.11605068e+02],
       [ 5.03130901e-03,  1.00503056e+00, -2.11572124e+02,
        -2.11573401e+02],
       [-2.11603790e+02, -2.11572124e+02,  8.89817504e+06,
         8.89822778e+06],
       [-2.11605068e+02, -2.11573401e+02,  8.89822778e+06,
         8.89828252e+06]])
      jac: DeviceArray([-5.72185854e-10, -5.72079273e-10,  8.25576930e-06,
              8.25580883e-06])
  message: 'Optimization terminated successfully.'
     nfev: 14
      nit: 2
     njev: 14
   status: 0
  success: True
        x: array([ -999.98986011,  -999.98986163, -1426.39352736, -1426.39610254])
Starting minimization at [ 482.60498047 -397.27783203  992.73681641  998.10791016]...
lres =       fun: -49534.18150733074
 hess_inv: array([[ 1.77683561e+00, -6.39516988e-01, -2.60355525e+03,
        -2.61765765e+03],
       [-6.39516988e-01,  1.52647172e+00,  2.14333353e+03,
         2.15494309e+03],
       [-2.60355525e+03,  2.14333353e+03,  8.72578525e+06,
         8.77304825e+06],
       [-2.61765765e+03,  2.15494309e+03,  8.77304825e+06,
         8.82056927e+06]])
      jac: DeviceArray([ 7.23326821e-09, -5.95547078e-09, -8.31617236e-06,
             -8.36120672e-06])
  message: 'Optimization terminated successfully.'
     nfev: 14
      nit: 2
     njev: 14
   status: 0
  success: True
        x: array([ 482.47814974, -397.17342075, 1417.80847026, 1425.48200339])
Starting minimization at [-800.29296875  933.10546875    1.46484375 -771.97265625]...
lres =       fun: DeviceArray(-63885.06309014)
 hess_inv: array([[ 1.01618153e+00, -1.41748316e-02,  1.26489703e-04,
        -2.72763046e-05],
       [-1.41748316e-02,  1.01242543e+00, -1.10525770e-04,
         1.83940589e-05],
       [ 1.26489703e-04, -1.10525770e-04,  9.97128888e-07,
        -3.93629823e-07],
       [-2.72763046e-05,  1.83940589e-05, -3.93629823e-07,
         8.07347622e-06]])
      jac: DeviceArray([-3.70283715e-09,  4.12467926e-09, -1.22986399e-04,
             -6.35994074e-05])
  message: 'Desired error not necessarily achieved due to precision loss.'
     nfev: 466
      nit: 320
     njev: 453
   status: 2
  success: False
        x: array([-9.67041194e+02,  1.07723052e+03, -1.37131557e+00, -3.45400989e-01])
Starting minimization at [ 9.33105469e+02 -8.00292969e+02  4.88281250e-01 -5.69824219e+02]...
lres =       fun: -63885.06309169245
 hess_inv: array([[ 1.00000008e+00, -6.55479725e-08,  1.98663642e-07,
        -2.79621959e-07],
       [-6.55479726e-08,  1.00000006e+00, -1.70442452e-07,
         2.39820870e-07],
       [ 1.98663642e-07, -1.70442452e-07,  9.93311387e-07,
        -3.74328507e-07],
       [-2.79621959e-07,  2.39820870e-07, -3.74328507e-07,
         7.99482627e-06]])
      jac: DeviceArray([ 6.87899160e-09, -5.89967186e-09,  9.83908831e-06,
             -4.50058724e-06])
  message: 'Optimization terminated successfully.'
     nfev: 361
      nit: 267
     njev: 361
   status: 0
  success: True
        x: array([ 9.32639120e+02, -7.99892938e+02, -1.37131557e+00, -3.45400988e-01])
Starting minimization at [-1.82922363e+02  9.85046387e+02 -9.15527344e-01 -8.73474121e+02]...
lres =       fun: DeviceArray(-55387.70346646)
 hess_inv: array([[-4.70321782e-01,  7.95540923e+00,  1.77692057e-02,
        -6.49059980e+03],
       [ 7.95540923e+00, -4.20440036e+01, -9.61431064e-02,
         3.51184198e+04],
       [ 1.77692057e-02, -9.61431064e-02, -2.14744638e-04,
         7.84405160e+01],
       [-6.49059980e+03,  3.51184198e+04,  7.84405160e+01,
        -2.86521527e+07]])
      jac: DeviceArray([-2.30647856e-09,  1.24564679e-08,  9.97316092e-04,
             -1.01598106e-05])
  message: 'Desired error not necessarily achieved due to precision loss.'
     nfev: 50
      nit: 3
     njev: 38
   status: 2
  success: False
        x: array([-1.82922361e+02,  9.85046374e+02, -2.39129162e-03, -8.73463024e+02])
Starting minimization at [ 766.72363281 -699.82910156    2.56347656  913.45214844]...
lres =       fun: -63885.063094009514
 hess_inv: array([[ 1.00000754e+00, -5.91981321e-06, -2.57938178e-06,
         1.03750910e-06],
       [-5.91981315e-06,  1.00000466e+00,  1.97995609e-06,
        -7.98253232e-07],
       [-2.57938178e-06,  1.97995609e-06,  1.00099699e-06,
        -3.97710702e-07],
       [ 1.03750910e-06, -7.98253232e-07, -3.97710702e-07,
         8.01522900e-06]])
      jac: DeviceArray([ 1.12788712e-08, -1.03028839e-08,  6.44504325e-08,
             -4.34782123e-07])
  message: 'Optimization terminated successfully.'
     nfev: 501
      nit: 362
     njev: 501
   status: 0
  success: True
        x: array([ 7.62325148e+02, -6.96325518e+02,  1.37131557e+00,  3.45400988e-01])
Starting minimization at [-5.67016602e+02  8.52661133e+02 -1.22070312e-01  2.39379883e+02]...
lres =       fun: -63885.06309414184
 hess_inv: array([[ 1.00000067e+00, -1.00589559e-06, -5.79268886e-07,
        -6.61336726e-07],
       [-1.00589559e-06,  1.00000151e+00,  8.71056013e-07,
         9.94454289e-07],
       [-5.79268886e-07,  8.71056013e-07,  1.00019178e-06,
         4.11236191e-07],
       [-6.61336726e-07,  9.94454289e-07,  4.11236191e-07,
         8.00006322e-06]])
      jac: DeviceArray([-8.67208882e-09,  1.30401645e-08,  9.52228875e-05,
              8.81857995e-05])
  message: 'Desired error not necessarily achieved due to precision loss.'
     nfev: 228
      nit: 150
     njev: 218
   status: 2
  success: False
        x: array([-5.66981980e+02,  8.52609069e+02, -1.37131557e+00,  3.45400989e-01])
Starting minimization at [ 699.58496094 -970.58105469   -1.09863281  410.27832031]...
lres =       fun: -63885.06309200867
 hess_inv: array([[ 1.00000067e+00, -5.90549818e-07,  8.11827821e-07,
        -2.15794292e-07],
       [-5.90549818e-07,  1.00000052e+00, -7.06555739e-07,
         1.36025620e-07],
       [ 8.11827821e-07, -7.06555739e-07,  9.99559079e-07,
        -3.88680388e-07],
       [-2.15794292e-07,  1.36025620e-07, -3.88680388e-07,
         7.98704039e-06]])
      jac: DeviceArray([ 5.75485615e-09, -7.98898725e-09,  4.92534309e-06,
             -7.50258914e-06])
  message: 'Optimization terminated successfully.'
     nfev: 300
      nit: 214
     njev: 300
   status: 0
  success: True
        x: array([ 6.98592226e+02, -9.69775471e+02, -1.37131557e+00, -3.45400989e-01])
Starting minimization at [-199.95117188  866.45507812    2.19726562  887.93945312]...
lres =       fun: -55387.70332459925
 hess_inv: array([[1, 0, 0, 0],
       [0, 1, 0, 0],
       [0, 0, 1, 0],
       [0, 0, 0, 1]])
      jac: DeviceArray([-4.07817424e-09,  1.76591328e-08, -5.68479300e-06,
              9.67345557e-06])
  message: 'Optimization terminated successfully.'
     nfev: 19
      nit: 1
     njev: 19
   status: 0
  success: True
        x: array([-1.99951172e+02,  8.66455078e+02, -2.35229677e-03,  8.87942717e+02])
Starting minimization at [-100.21972656 -735.22949219   -2.07519531 -875.85449219]...
lres =       fun: -55387.70344745772
 hess_inv: array([[ 1.00000000e+00,  1.44198410e-13,  3.12700155e-08,
        -9.99824131e-10],
       [ 1.44198410e-13,  1.00000000e+00,  4.39736485e-09,
        -7.08901849e-09],
       [ 3.12700155e-08,  4.39736485e-09,  6.47508556e-10,
        -2.72282209e-06],
       [-9.99824131e-10, -7.08901849e-09, -2.72282209e-06,
         1.00004859e+00]])
      jac: DeviceArray([-4.21073310e-09, -3.09026689e-08,  2.83122063e-07,
             -1.00794500e-05])
  message: 'Desired error not necessarily achieved due to precision loss.'
     nfev: 21
      nit: 2
     njev: 20
   status: 2
  success: False
        x: array([-1.00219727e+02, -7.35229492e+02, -2.38475663e-03, -8.75856588e+02])
Starting minimization at [ 67.13867188 882.56835938  -1.22070312 798.58398438]...
lres =       fun: DeviceArray(-63885.06309698)
 hess_inv: array([[ 1.00000618e+00,  9.03109701e-05,  1.93799310e-06,
         7.36657129e-07],
       [ 9.03109701e-05,  1.00132210e+00,  2.93152912e-05,
         9.81025849e-06],
       [ 1.93799310e-06,  2.93152912e-05,  1.00010728e-06,
        -3.89846869e-07],
       [ 7.36657129e-07,  9.81025849e-06, -3.89846869e-07,
         7.96230230e-06]])
      jac: DeviceArray([1.74418346e-09, 2.45873082e-08, 6.91511596e-04,
             6.40286598e-05])
  message: 'Desired error not necessarily achieved due to precision loss.'
     nfev: 489
      nit: 339
     njev: 475
   status: 2
  success: False
        x: array([ 6.69364352e+01,  8.77439082e+02, -1.37131557e+00, -3.45400988e-01])
Starting minimization at [-433.47167969 -966.43066406    1.58691406 -378.54003906]...
lres =       fun: DeviceArray(-63885.06309364)
 hess_inv: array([[ 1.00880235e+00,  1.96928715e-02,  1.74073550e-05,
        -1.74783850e-04],
       [ 1.96928715e-02,  1.04405971e+00,  4.04291264e-05,
        -3.89624053e-04],
       [ 1.74073550e-05,  4.04291264e-05,  9.94641874e-07,
         3.93609198e-07],
       [-1.74783850e-04, -3.89624053e-04,  3.93609198e-07,
         8.07889805e-06]])
      jac: DeviceArray([-5.80240567e-09, -1.29631985e-08, -1.91878207e-05,
              1.50843989e-05])
  message: 'Desired error not necessarily achieved due to precision loss.'
     nfev: 307
      nit: 196
     njev: 294
   status: 2
  success: False
        x: array([-4.32114652e+02, -9.65540937e+02, -1.37131557e+00,  3.45400989e-01])
Starting minimization at [ 932.6171875  823.2421875   -2.9296875 -916.9921875]...
lres =       fun: -55387.70305271145
 hess_inv: array([[ 1.00000000e+00,  8.35814122e-13, -1.41956257e-05,
         8.35768253e-08],
       [ 8.35814122e-13,  1.00000000e+00, -1.25292587e-05,
         7.37660806e-08],
       [-1.41956257e-05, -1.25292587e-05,  2.13660574e+02,
        -1.25202417e+00],
       [ 8.35768253e-08,  7.37660806e-08, -1.25202417e+00,
         1.00737120e+00]])
      jac: DeviceArray([ 4.96430630e-09,  4.38248549e-09,  2.03326344e-05,
             -8.78237103e-06])
  message: 'Desired error not necessarily achieved due to precision loss.'
     nfev: 38
      nit: 1
     njev: 26
   status: 2
  success: False
        x: array([ 9.32617187e+02,  8.23242187e+02, -2.27773528e-03, -9.17009431e+02])
Starting minimization at [-899.78027344 -558.71582031   -1.83105469  777.22167969]...
lres =       fun: DeviceArray(-55387.70463305)
 hess_inv: array([[-6.16738274e+00, -4.45050575e+00,  3.92327451e-02,
         1.13464438e+04],
       [-4.45050575e+00, -1.76349152e+00,  2.43611439e-02,
         7.04544677e+03],
       [ 3.92327451e-02,  2.43611439e-02, -2.14750977e-04,
        -6.21080428e+01],
       [ 1.13464438e+04,  7.04544677e+03, -6.21080428e+01,
        -1.79621747e+07]])
      jac: DeviceArray([-9.11003895e-09, -5.65594860e-09,  8.44821334e-05,
              1.44243874e-05])
  message: 'Desired error not necessarily achieved due to precision loss.'
     nfev: 52
      nit: 3
     njev: 40
   status: 2
  success: False
        x: array([-8.99780271e+02, -5.58715819e+02, -2.68740851e-03,  7.77219027e+02])
Starting minimization at [  49.98779297  750.18310547    3.47900391 -940.36865234]...
lres =       fun: -55387.70286197569
 hess_inv: array([[1, 0, 0, 0],
       [0, 1, 0, 0],
       [0, 0, 1, 0],
       [0, 0, 0, 1]])
      jac: DeviceArray([ 1.89152161e-09,  2.99095291e-08, -8.21053982e-06,
             -8.14307587e-06])
  message: 'Optimization terminated successfully.'
     nfev: 20
      nit: 1
     njev: 20
   status: 0
  success: True
        x: array([ 4.99877928e+01,  7.50183103e+02, -2.22106361e-03, -9.40407420e+02])
Starting minimization at [ 466.55273438 -333.25195312    1.70898438  983.15429688]...
lres =       fun: -55387.70254437398
 hess_inv: array([[ 1.00000000e+00, -7.48008846e-13,  5.44436593e-06,
         3.25828868e-10],
       [-7.48008846e-13,  1.00000000e+00, -3.88834315e-06,
        -2.32705296e-10],
       [ 5.44436593e-06, -3.88834315e-06,  2.84960063e+01,
         1.66561116e-03],
       [ 3.25828868e-10, -2.32705296e-10,  1.66561116e-03,
         1.00000010e+00]])
      jac: DeviceArray([ 5.50132881e-08, -3.92944912e-08,  5.90942800e-05,
              7.12653294e-06])
  message: 'Desired error not necessarily achieved due to precision loss.'
     nfev: 36
      nit: 1
     njev: 24
   status: 2
  success: False
        x: array([ 4.66552734e+02, -3.33251953e+02,  2.12449342e-03,  9.83154201e+02])
Starting minimization at [-666.50390625 -353.02734375   -1.46484375 -946.77734375]...
lres =       fun: -63885.06310141531
 hess_inv: array([[ 1.00002896e+00,  1.52677101e-05, -2.46650699e-06,
         6.19411591e-07],
       [ 1.52677107e-05,  1.00000805e+00, -1.27665413e-06,
         3.16095513e-07],
       [-2.46650699e-06, -1.27665413e-06,  1.00119734e-06,
        -4.02562535e-07],
       [ 6.19411591e-07,  3.16095513e-07, -4.02562535e-07,
         8.02681661e-06]])
      jac: DeviceArray([-3.64489097e-08, -1.93074143e-08, -3.85232852e-07,
             -5.28641976e-07])
  message: 'Optimization terminated successfully.'
     nfev: 505
      nit: 372
     njev: 505
   status: 0
  success: True
        x: array([-6.55167348e+02, -3.47063082e+02, -1.37131557e+00, -3.45400988e-01])
Starting minimization at [767.21191406 676.63574219  -0.85449219 573.12011719]...
lres =       fun: -63885.06309420608
 hess_inv: array([[ 1.00000209e+00,  3.53503179e-06, -1.38219117e-06,
        -2.08810586e-07],
       [ 3.53503179e-06,  1.00000610e+00, -2.44049652e-06,
        -6.52427375e-07],
       [-1.38219117e-06, -2.44049652e-06,  9.99194398e-07,
         3.82438454e-07],
       [-2.08810586e-07, -6.52427375e-07,  3.82438454e-07,
         7.90567287e-06]])
      jac: DeviceArray([ 1.19009940e-08,  1.04702877e-08, -2.93015910e-06,
             -6.39710925e-06])
  message: 'Optimization terminated successfully.'
     nfev: 366
      nit: 262
     njev: 366
   status: 0
  success: True
        x: array([ 7.65697851e+02,  6.73631913e+02,  1.37131557e+00, -3.45400988e-01])
Starting minimization at [-7.33154297e+02 -7.33154297e+02  2.44140625e-01 -2.42919922e+02]...
lres =       fun: -63885.06309394449
 hess_inv: array([[ 1.00000009e+00,  9.30203134e-08, -2.40343375e-07,
        -1.29216079e-07],
       [ 9.30203134e-08,  1.00000009e+00, -2.40356576e-07,
        -1.29221938e-07],
       [-2.40343375e-07, -2.40356576e-07,  1.00104844e-06,
         4.06542796e-07],
       [-1.29216079e-07, -1.29221938e-07,  4.06542796e-07,
         7.94362074e-06]])
      jac: DeviceArray([-1.06648486e-08, -1.06649907e-08,  1.63268865e-04,
              2.16603657e-04])
  message: 'Desired error not necessarily achieved due to precision loss.'
     nfev: 239
      nit: 166
     njev: 228
   status: 2
  success: False
        x: array([-7.33101400e+02, -7.33101385e+02, -1.37131557e+00,  3.45400990e-01])
Starting minimization at [833.37402344 299.92675781   1.83105469 370.23925781]...
lres =       fun: -63885.063096849924
 hess_inv: array([[ 1.00000526e+00,  1.90077539e-06, -1.44496624e-06,
         6.84215182e-07],
       [ 1.90077539e-06,  1.00000069e+00, -5.25422845e-07,
         2.44087535e-07],
       [-1.44496624e-06, -5.25422845e-07,  1.00076371e-06,
         3.96938600e-07],
       [ 6.84215182e-07,  2.44087535e-07,  3.96938600e-07,
         8.03897292e-06]])
      jac: DeviceArray([2.27980195e-08, 8.20477908e-09, 7.37636583e-08,
             8.95815901e-08])
  message: 'Optimization terminated successfully.'
     nfev: 291
      nit: 205
     njev: 291
   status: 0
  success: True
        x: array([ 8.32962144e+02,  2.99785882e+02, -1.37131557e+00,  3.45400988e-01])
Starting minimization at [-9.66430664e+02 -4.33471680e+02  8.54492188e-01  4.11376953e+01]...
lres =       fun: -63885.06309361678
 hess_inv: array([[ 1.00000016e+00,  7.02288401e-08,  2.73698941e-07,
        -1.14991973e-07],
       [ 7.02288401e-08,  1.00000003e+00,  1.22740904e-07,
        -5.15663494e-08],
       [ 2.73698941e-07,  1.22740904e-07,  1.00037749e-06,
         3.93765642e-07],
       [-1.14991973e-07, -5.15663494e-08,  3.93765642e-07,
         8.01414755e-06]])
      jac: DeviceArray([-1.29076057e-08, -5.78894799e-09,  3.89540219e-07,
              8.15023668e-07])
  message: 'Optimization terminated successfully.'
     nfev: 84
      nit: 50
     njev: 84
   status: 0
  success: True
        x: array([-9.66430427e+02, -4.33471574e+02, -1.37131557e+00,  3.45400988e-01])
Starting minimization at [ 999.26757812 -176.51367188   -1.70898438 -365.96679688]...
lres =       fun: DeviceArray(-63885.06309431)
 hess_inv: array([[ 1.00016495e+00, -3.04222262e-05,  1.29558288e-06,
        -2.55830353e-05],
       [-3.04222262e-05,  1.00000704e+00, -1.43525651e-06,
         4.96031965e-06],
       [ 1.29558288e-06, -1.43525651e-06,  1.00618500e-06,
        -4.02601709e-07],
       [-2.55830353e-05,  4.96031965e-06, -4.02601709e-07,
         8.08979478e-06]])
      jac: DeviceArray([ 1.59061244e-08, -2.78399881e-09, -7.17522344e-05,
             -4.14321286e-04])
  message: 'Desired error not necessarily achieved due to precision loss.'
     nfev: 303
      nit: 195
     njev: 289
   status: 2
  success: False
        x: array([ 9.98322328e+02, -1.74714848e+02, -1.37131557e+00, -3.45400992e-01])
Starting minimization at [-8.66943359e+02  5.88378906e+01 -7.32421875e-01 -3.88183594e+01]...
lres =       fun: -63885.06309725674
 hess_inv: array([[ 1.00013578e+00, -9.21599352e-06,  2.82868284e-06,
        -2.32367269e-05],
       [-9.21599352e-06,  1.00000063e+00, -1.91969976e-07,
         1.57696413e-06],
       [ 2.82868284e-06, -1.91969976e-07,  9.91859982e-07,
        -4.07112108e-07],
       [-2.32367269e-05,  1.57696413e-06, -4.07112108e-07,
         8.08642656e-06]])
      jac: DeviceArray([-2.55630255e-08,  1.73482739e-09,  3.06922011e-05,
              2.12734158e-05])
  message: 'Desired error not necessarily achieved due to precision loss.'
     nfev: 106
      nit: 49
     njev: 95
   status: 2
  success: False
        x: array([-8.66942921e+02,  5.88378609e+01,  1.37131557e+00,  3.45400989e-01])
Starting minimization at [882.99560547  73.42529297  -1.40380859 101.62353516]...
lres =       fun: -63885.0630968312
 hess_inv: array([[ 1.00001600e+00,  1.33026457e-06,  2.86020776e-06,
        -1.92662544e-06],
       [ 1.33026457e-06,  1.00000011e+00,  2.37836009e-07,
        -1.60204910e-07],
       [ 2.86020776e-06,  2.37836009e-07,  1.00112907e-06,
        -4.04384502e-07],
       [-1.92662544e-06, -1.60204910e-07, -4.04384502e-07,
         7.99941140e-06]])
      jac: DeviceArray([2.40837039e-08, 2.00266470e-09, 8.19293491e-05,
             2.69830634e-05])
  message: 'Desired error not necessarily achieved due to precision loss.'
     nfev: 165
      nit: 90
     njev: 156
   status: 2
  success: False
        x: array([8.82987477e+02, 7.34246146e+01, 1.37131557e+00, 3.45400989e-01])
Starting minimization at [-7.50793457e+02 -1.91223145e+02 -4.27246094e-01  3.05725098e+02]...
lres =       fun: -55387.73526106048
 hess_inv: array([[ 1.00000000e+00,  3.75857840e-20,  5.50926075e-10,
        -7.24087070e-13],
       [ 3.75857840e-20,  1.00000000e+00,  1.40314900e-10,
        -1.84416973e-13],
       [ 5.50926075e-10,  1.40314900e-10,  1.06165377e-02,
         1.29306976e-03],
       [-7.24087070e-13, -1.84416973e-13,  1.29306976e-03,
         9.99998310e-01]])
      jac: DeviceArray([-2.65523568e-08, -6.76327971e-09,  6.84689730e-05,
              2.37004963e-04])
  message: 'Desired error not necessarily achieved due to precision loss.'
     nfev: 32
      nit: 1
     njev: 20
   status: 2
  success: False
        x: array([-7.50793457e+02, -1.91223145e+02, -6.83200192e-03,  3.05724546e+02])
Starting minimization at [ 533.203125 -400.390625    1.953125 -865.234375]...
lres =       fun: DeviceArray(-63885.06311207)
 hess_inv: array([[ 3.51663875e+02, -2.46759797e+02,  1.23665426e-02,
        -2.43413405e-02],
       [-2.46759797e+02,  1.74643384e+02, -8.69207244e-03,
         1.71514882e-02],
       [ 1.23665426e-02, -8.69207244e-03,  9.98750759e-07,
         3.94243518e-07],
       [-2.43413405e-02,  1.71514882e-02,  3.94243518e-07,
         8.05956370e-06]])
      jac: DeviceArray([ 7.45197326e-08, -5.24848218e-08, -4.06155610e-04,
              1.08669483e-04])
  message: 'Desired error not necessarily achieved due to precision loss.'
     nfev: 513
      nit: 351
     njev: 498
   status: 2
  success: False
        x: array([ 4.65370680e+02, -3.27766435e+02,  1.37131557e+00, -3.45400988e-01])
Starting minimization at [-6.50207520e+02  5.16784668e+02  5.49316406e-01  4.74670410e+02]...
lres =       fun: -63885.06309835195
 hess_inv: array([[ 1.00000067e+00, -6.83265370e-07,  8.09919447e-07,
        -4.43555518e-07],
       [-6.83265370e-07,  1.00000070e+00, -8.33630592e-07,
         4.28818264e-07],
       [ 8.09919447e-07, -8.33630592e-07,  1.00103033e-06,
        -4.02407769e-07],
       [-4.43555518e-07,  4.28818264e-07, -4.02407769e-07,
         8.08682171e-06]])
      jac: DeviceArray([-2.30959358e-08,  1.83477482e-08,  1.89320417e-08,
             -8.49831849e-09])
  message: 'Optimization terminated successfully.'
     nfev: 338
      nit: 233
     njev: 338
   status: 0
  success: True
        x: array([-6.49192032e+02,  5.15719037e+02,  1.37131557e+00,  3.45400988e-01])
Starting minimization at [  50.47607422 -867.49267578   -1.89208984 -546.32568359]...
lres =       fun: -55387.7103751729
 hess_inv: array([[ 1.00000000e+00, -5.23349707e-16,  9.46225068e-08,
         1.06953774e-11],
       [-5.23349707e-16,  1.00000000e+00, -5.45898888e-09,
        -2.71063614e-10],
       [ 9.46225068e-08, -5.45898888e-09,  1.68014196e-09,
        -6.99800410e-06],
       [ 1.06953774e-11, -2.71063614e-10, -6.99800410e-06,
         1.00000469e+00]])
      jac: DeviceArray([ 9.94077709e-10, -1.93798115e-08, -5.34579158e-06,
             -4.15319038e-05])
  message: 'Desired error not necessarily achieved due to precision loss.'
     nfev: 44
      nit: 2
     njev: 34
   status: 2
  success: False
        x: array([ 5.04760742e+01, -8.67492676e+02, -3.82318001e-03, -5.46326901e+02])
Starting minimization at [-500.36621094  233.27636719    1.09863281  942.26074219]...
lres =       fun: -55387.70285657203
 hess_inv: array([[ 1.00000000e+00, -1.65061321e-14, -4.35929627e-07,
        -3.07993394e-10],
       [-1.65061321e-14,  1.00000000e+00,  2.03252440e-07,
         1.43602269e-10],
       [-4.35929627e-07,  2.03252440e-07,  4.30392174e+00,
         2.37108138e-03],
       [-3.07993394e-10,  1.43602269e-10,  2.37108138e-03,
         1.00000170e+00]])
      jac: DeviceArray([-6.86375756e-08,  3.19998321e-08, -1.00852996e-02,
              8.11884721e-06])
  message: 'Desired error not necessarily achieved due to precision loss.'
     nfev: 36
      nit: 1
     njev: 24
   status: 2
  success: False
        x: array([-5.00366211e+02,  2.33276367e+02, -2.21669683e-03,  9.42259972e+02])
Starting minimization at [ 367.06542969  205.68847656   -1.58691406 -972.04589844]...
lres =       fun: -55387.70264150672
 hess_inv: array([[ 1.00000000e+00,  3.35007991e-12, -1.41846879e-05,
        -3.83335031e-09],
       [ 3.35007991e-12,  1.00000000e+00, -7.94978667e-06,
        -2.14839527e-09],
       [-1.41846879e-05, -7.94978667e-06,  3.32366398e+01,
         8.71015034e-03],
       [-3.83335031e-09, -2.14839527e-09,  8.71015034e-03,
         1.00000235e+00]])
      jac: DeviceArray([ 1.49222842e-07,  8.36203071e-08, -2.89251953e-02,
             -7.43747587e-06])
  message: 'Desired error not necessarily achieved due to precision loss.'
     nfev: 33
      nit: 1
     njev: 21
   status: 2
  success: False
        x: array([ 3.67065429e+02,  2.05688476e+02, -2.14877259e-03, -9.72045470e+02])
Starting minimization at [-333.74023438 -411.86523438   -2.68554688  830.32226562]...
lres =       fun: -55387.703955822006
 hess_inv: array([[1.00000000e+00, 3.27190493e-11, 5.69506477e-05, 2.55710959e-07],
       [3.27190493e-11, 1.00000000e+00, 7.02745197e-05, 3.15535743e-07],
       [5.69506477e-05, 7.02745197e-05, 1.23088829e+02, 5.48161949e-01],
       [2.55710959e-07, 3.15535743e-07, 5.48161949e-01, 1.00246117e+00]])
      jac: DeviceArray([-5.38502150e-08, -6.64580284e-08,  1.34788454e-04,
              1.18293844e-05])
  message: 'Desired error not necessarily achieved due to precision loss.'
     nfev: 42
      nit: 1
     njev: 30
   status: 2
  success: False
        x: array([-3.33740233e+02, -4.11865233e+02, -2.51549868e-03,  8.30334323e+02])
Starting minimization at [ 5.33691406e+02  4.70214844e+02 -4.88281250e-01 -6.48925781e+02]...
lres =       fun: -55387.70707552634
 hess_inv: array([[ 1.00000000e+00,  5.89540426e-18, -3.76276854e-09,
        -2.61096501e-12],
       [ 5.89540426e-18,  1.00000000e+00, -3.31512086e-09,
        -2.30034493e-12],
       [-3.76276854e-09, -3.31512086e-09,  8.33348739e-02,
        -6.31156749e-04],
       [-2.61096501e-12, -2.30034493e-12, -6.31156749e-04,
         9.99999565e-01]])
      jac: DeviceArray([ 2.65686140e-08,  2.34084325e-08, -8.34170729e-04,
             -2.47788246e-05])
  message: 'Desired error not necessarily achieved due to precision loss.'
     nfev: 30
      nit: 1
     njev: 18
   status: 2
  success: False
        x: array([ 5.33691406e+02,  4.70214844e+02,  3.21871411e-03, -6.48925441e+02])
Starting minimization at [-1.99462891e+02 -7.64892578e+02 -2.44140625e-01  5.94482422e+02]...
lres =       fun: -55387.708613400166
 hess_inv: array([[ 1.00000000e+00,  1.69682517e-20,  9.49583740e-11,
        -3.82393791e-14],
       [ 1.69682517e-20,  1.00000000e+00,  3.64839536e-10,
        -1.46918793e-13],
       [ 9.49583740e-11,  3.64839536e-10,  4.41046031e-03,
         4.00227742e-04],
       [-3.82393791e-14, -1.46918793e-13,  4.00227742e-04,
         9.99999839e-01]])
      jac: DeviceArray([-6.51357368e-09, -2.49648338e-08, -9.81768593e-04,
              3.22287409e-05])
  message: 'Desired error not necessarily achieved due to precision loss.'
     nfev: 33
      nit: 1
     njev: 21
   status: 2
  success: False
        x: array([-1.99462891e+02, -7.64892578e+02,  3.51348674e-03,  5.94482322e+02])
Starting minimization at [ 2.99926758e+02  8.33374023e+02  6.10351562e-01 -2.05688477e+02]...
lres =       fun: -63885.06309684081
 hess_inv: array([[ 1.00000656e+00,  1.82322324e-05, -1.90502225e-07,
        -5.18799600e-06],
       [ 1.82322324e-05,  1.00005067e+00, -5.29697067e-07,
        -1.44216001e-05],
       [-1.90502225e-07, -5.29697067e-07,  9.95112749e-07,
         4.00807563e-07],
       [-5.18799600e-06, -1.44216001e-05,  4.00807563e-07,
         8.08950626e-06]])
      jac: DeviceArray([8.19909474e-09, 2.27718004e-08, 2.39073415e-07,
             4.82832547e-08])
  message: 'Optimization terminated successfully.'
     nfev: 202
      nit: 143
     njev: 202
   status: 0
  success: True
        x: array([ 2.99903910e+02,  8.33310311e+02,  1.37131557e+00, -3.45400988e-01])
Starting minimization at [ 233.27636719 -500.36621094    1.34277344 -808.95996094]...
lres =       fun: -55387.7042170291
 hess_inv: array([[ 1.00000000e+00, -3.70887885e-14,  3.74618225e-07,
        -2.52563746e-10],
       [-3.70887885e-14,  1.00000000e+00, -8.03724634e-07,
         5.41862585e-10],
       [ 3.74618225e-07, -8.03724634e-07,  7.34178790e+00,
        -4.30829884e-03],
       [-2.52563746e-10,  5.41862585e-10, -4.30829884e-03,
         1.00000293e+00]])
      jac: DeviceArray([ 3.19876676e-08, -6.86325450e-08,  2.88225710e-05,
             -1.27926265e-05])
  message: 'Desired error not necessarily achieved due to precision loss.'
     nfev: 35
      nit: 1
     njev: 23
   status: 2
  success: False
        x: array([ 2.33276367e+02, -5.00366211e+02,  2.58196617e-03, -8.08959065e+02])
Starting minimization at [-333.25195312  466.55273438    0.73242188  687.25585938]...
lres =       fun: -63885.063115671495
 hess_inv: array([[ 1.00049582e+00, -4.10454979e-04, -2.22151952e-05,
        -8.92391166e-06],
       [-4.10454979e-04,  1.00034095e+00,  1.82968995e-05,
         7.35069707e-06],
       [-2.22151952e-05,  1.82968995e-05,  1.00181519e-06,
         4.02351921e-07],
       [-8.92391166e-06,  7.35069707e-06,  4.02351921e-07,
         8.08866078e-06]])
      jac: DeviceArray([-6.26726546e-08,  9.13678377e-08, -1.44692603e-06,
              5.56890154e-06])
  message: 'Optimization terminated successfully.'
     nfev: 407
      nit: 303
     njev: 407
   status: 0
  success: True
        x: array([-3.01697768e+02,  4.39826137e+02, -1.37131557e+00,  3.45400988e-01])
Starting minimization at [ 399.4140625 -706.0546875   -0.9765625  217.7734375]...
lres =       fun: -55387.77043560751
 hess_inv: array([[ 1.00000000e+00, -1.89013656e-18, -1.52158993e-09,
         4.69965180e-12],
       [-1.89013656e-18,  1.00000000e+00,  2.68989858e-09,
        -8.30816668e-12],
       [-1.52158993e-09,  2.68989858e-09,  1.50666343e-01,
         2.50528890e-03],
       [ 4.69965180e-12, -8.30816668e-12,  2.50528890e-03,
         9.99992622e-01]])
      jac: DeviceArray([ 1.17515242e-08, -2.07760564e-08, -3.73824500e-04,
              6.55783609e-04])
  message: 'Desired error not necessarily achieved due to precision loss.'
     nfev: 29
      nit: 1
     njev: 17
   status: 2
  success: False
        x: array([ 3.99414062e+02, -7.06054687e+02,  9.59137267e-03,  2.17770413e+02])
Starting minimization at [-9.97314453e+01  6.33422852e+02  3.66210938e-01 -6.06811523e+02]...
lres =       fun: -63885.063106908514
 hess_inv: array([[ 1.00000031e+00, -1.94582136e-06,  4.94463273e-07,
        -1.83217630e-07],
       [-1.94582135e-06,  1.00001222e+00, -3.09138569e-06,
         1.14244834e-06],
       [ 4.94463273e-07, -3.09138569e-06,  9.82033408e-07,
        -4.06316104e-07],
       [-1.83217630e-07,  1.14244834e-06, -4.06316104e-07,
         8.08828056e-06]])
      jac: DeviceArray([-1.00972102e-08,  6.45684111e-08, -3.93004906e-03,
             -1.26850812e-03])
  message: 'Desired error not necessarily achieved due to precision loss.'
     nfev: 410
      nit: 275
     njev: 398
   status: 2
  success: False
        x: array([-9.88938958e+01,  6.28166441e+02,  1.37131556e+00,  3.45400980e-01])
Starting minimization at [-2.83508301e+02 -2.83508301e+02  6.10351562e-02 -9.07653809e+02]...
lres =       fun: -63885.063171181006
 hess_inv: array([[ 1.01283591e+00,  1.28363045e-02, -9.18523565e-05,
         9.78385464e-05],
       [ 1.28363045e-02,  1.01283670e+00, -9.18551584e-05,
         9.78416687e-05],
       [-9.18523565e-05, -9.18551584e-05,  1.00120385e-06,
        -4.01730356e-07],
       [ 9.78385464e-05,  9.78416687e-05, -4.01730356e-07,
         8.08933016e-06]])
      jac: DeviceArray([-3.82650455e-07, -3.82662989e-07,  2.72023608e-05,
             -6.53765164e-06])
  message: 'Desired error not necessarily achieved due to precision loss.'
     nfev: 509
      nit: 369
     njev: 500
   status: 2
  success: False
        x: array([-222.28321737, -222.28159107,   -1.37131557,   -0.34540099])
Starting minimization at [ 6.33422852e+02 -9.97314453e+01  1.22070312e-01  6.46362305e+02]...
lres =       fun: -63885.06310703394
 hess_inv: array([[ 1.00001732e+00, -2.72696886e-06,  3.62316425e-06,
         2.12411894e-06],
       [-2.72696885e-06,  1.00000043e+00, -5.70414887e-07,
        -3.34421729e-07],
       [ 3.62316425e-06, -5.70414887e-07,  9.99563634e-07,
         3.88978855e-07],
       [ 2.12411894e-06, -3.34421729e-07,  3.88978855e-07,
         7.99145902e-06]])
      jac: DeviceArray([ 6.51549499e-08, -1.02575690e-08,  1.83434167e-06,
              3.05369031e-06])
  message: 'Optimization terminated successfully.'
     nfev: 390
      nit: 290
     njev: 390
   status: 0
  success: True
        x: array([ 6.26307816e+02, -9.86112794e+01, -1.37131557e+00,  3.45400988e-01])
Starting minimization at [-4.99145508e+02 -8.82568359e+01 -6.10351562e-01 -6.74194336e+02]...
lres =       fun: -55387.70649627054
 hess_inv: array([[ 1.00000000e+00,  6.99716216e-17,  2.96060156e-08,
         2.35429808e-11],
       [ 6.99716216e-17,  1.00000000e+00,  5.23500793e-09,
         4.16292755e-12],
       [ 2.96060156e-08,  5.23500793e-09,  2.19228482e-01,
        -6.11753997e-04],
       [ 2.35429808e-11,  4.16292755e-12, -6.11753997e-04,
         9.99999521e-01]])
      jac: DeviceArray([-9.63462412e-08, -1.70362142e-08, -1.86607242e-04,
             -2.20986692e-05])
  message: 'Desired error not necessarily achieved due to precision loss.'
     nfev: 33
      nit: 1
     njev: 21
   status: 2
  success: False
        x: array([-4.99145508e+02, -8.82568359e+01,  3.09807834e-03, -6.74193849e+02])
Starting minimization at [-133.7890625 -133.7890625    0.9765625  329.1015625]...
lres =       fun: -63885.06342712705
 hess_inv: array([[ 1.00117237e+00,  1.17253121e-03, -1.26466523e-05,
        -5.65349294e-05],
       [ 1.17253121e-03,  1.00117269e+00, -1.26515319e-05,
        -5.65386147e-05],
       [-1.26466523e-05, -1.26515319e-05,  9.57862006e-07,
        -3.95708625e-07],
       [-5.65349294e-05, -5.65386147e-05, -3.95708625e-07,
         8.08876023e-06]])
      jac: DeviceArray([-3.07153027e-06, -3.07181381e-06,  1.67313778e-03,
              2.37939850e-04])
  message: 'Desired error not necessarily achieved due to precision loss.'
     nfev: 280
      nit: 184
     njev: 269
   status: 2
  success: False
        x: array([-111.01774092, -111.01034066,   -1.37131557,   -0.34540099])
Starting minimization at [-283.99658203  338.07373047   -2.38037109 -575.13427734]...
lres =       fun: -55387.70929107842
 hess_inv: array([[ 1.00000000e+00, -3.87244369e-12,  1.08700380e-05,
        -3.93230877e-08],
       [-3.87244369e-12,  1.00000000e+00, -1.29374256e-05,
         4.68020059e-08],
       [ 1.08700380e-05, -1.29374256e-05,  3.66527265e+01,
        -1.28902007e-01],
       [-3.93230877e-08,  4.68020059e-08, -1.28902007e-01,
         1.00046604e+00]])
      jac: DeviceArray([-9.52222763e-08,  1.13355952e-07,  6.70552254e-06,
             -3.55967911e-05])
  message: 'Desired error not necessarily achieved due to precision loss.'
     nfev: 35
      nit: 1
     njev: 23
   status: 2
  success: False
        x: array([-2.83996581e+02,  3.38073730e+02, -3.63162938e-03, -5.75142907e+02])
Starting minimization at [ -34.05761719  265.01464844   -1.34277344 -340.45410156]...
lres =       fun: -63885.063212482615
 hess_inv: array([[ 1.00182747e+00, -1.24915868e-02,  2.41793361e-05,
        -5.08124594e-05],
       [-1.24915868e-02,  1.08654902e+00, -1.93449286e-04,
         3.36550532e-04],
       [ 2.41793361e-05, -1.93449286e-04,  9.98841675e-07,
        -4.13808909e-07],
       [-5.08124594e-05,  3.36550532e-04, -4.13808909e-07,
         8.02752401e-06]])
      jac: DeviceArray([-1.53917426e-07,  9.67407459e-07,  5.88767580e-06,
              2.31901649e-05])
  message: 'Desired error not necessarily achieved due to precision loss.'
     nfev: 270
      nit: 185
     njev: 269
   status: 2
  success: False
        x: array([-41.41908707, 254.49376861,   1.37131557,   0.34540099])
Successfully completed construction of complex.
Splitting first generation
Generating sampling points
Constructing Gabrial graph and minimizer pool
Triangulation completed, building minimizer pool
Starting minimization at [ 1.66137695e+02 -3.82446289e+02 -3.66210938e-01 -1.33056641e+01]...
lres =       fun: -63885.063134466334
 hess_inv: array([[ 1.00052230e+00, -1.20256764e-03, -1.50004307e-05,
         2.17912425e-05],
       [-1.20256764e-03,  1.00276882e+00,  3.45388009e-05,
        -5.01748117e-05],
       [-1.50004307e-05,  3.45388009e-05,  1.00163713e-06,
        -3.98665806e-07],
       [ 2.17912425e-05, -5.01748117e-05, -3.98665806e-07,
         8.11090716e-06]])
      jac: DeviceArray([ 9.23641892e-08, -2.12670443e-07,  1.76559188e-04,
             -2.23395182e-06])
  message: 'Desired error not necessarily achieved due to precision loss.'
     nfev: 76
      nit: 27
     njev: 64
   status: 2
  success: False
        x: array([ 1.66137578e+02, -3.82446019e+02, -1.37131557e+00, -3.45400988e-01])
Starting minimization at [-1000. -1000. -1000. -1000.]...
lres =       fun: -49534.18158370515
 hess_inv: array([[ 1.00503256e+00,  5.03168532e-03, -2.11614339e+02,
        -2.11615616e+02],
       [ 5.03168532e-03,  1.00503081e+00, -2.11577395e+02,
        -2.11578672e+02],
       [-2.11614339e+02, -2.11577395e+02,  8.89817481e+06,
         8.89822754e+06],
       [-2.11615616e+02, -2.11578672e+02,  8.89822754e+06,
         8.89828226e+06]])
      jac: DeviceArray([-5.71844794e-10, -5.71546366e-10,  8.25576922e-06,
              8.25580874e-06])
  message: 'Optimization terminated successfully.'
     nfev: 14
      nit: 2
     njev: 14
   status: 0
  success: True
        x: array([ -999.98985961,  -999.98986138, -1426.39351775, -1426.39609217])
Starting minimization at [ 482.60498047 -397.27783203  992.73681641  998.10791016]...
lres =       fun: -49534.1815073303
 hess_inv: array([[ 1.77675003e+00, -6.39464938e-01, -2.60341174e+03,
        -2.61751336e+03],
       [-6.39464938e-01,  1.52644402e+00,  2.14327707e+03,
         2.15488633e+03],
       [-2.60341174e+03,  2.14327707e+03,  8.72578462e+06,
         8.77304765e+06],
       [-2.61751336e+03,  2.15488633e+03,  8.77304765e+06,
         8.82056868e+06]])
      jac: DeviceArray([ 7.23440507e-09, -5.95693450e-09, -8.31617334e-06,
             -8.36120754e-06])
  message: 'Optimization terminated successfully.'
     nfev: 14
      nit: 2
     njev: 14
   status: 0
  success: True
        x: array([ 482.47815673, -397.1734235 , 1417.80844125, 1425.4819751 ])
Starting minimization at [-800.29296875  933.10546875    1.46484375 -771.97265625]...
lres =       fun: -63885.06309093968
 hess_inv: array([[ 1.00316796e+00, -2.24561733e-03,  5.63400575e-05,
        -2.25985369e-05],
       [-2.24561733e-03,  1.00159185e+00, -3.99355432e-05,
         1.60140579e-05],
       [ 5.63400575e-05, -3.99355432e-05,  1.00120941e-06,
        -4.01808752e-07],
       [-2.25985369e-05,  1.60140579e-05, -4.01808752e-07,
         8.03928858e-06]])
      jac: DeviceArray([-4.84030238e-09,  5.44965673e-09,  7.64819299e-04,
             -9.98814648e-05])
  message: 'Desired error not necessarily achieved due to precision loss.'
     nfev: 453
      nit: 319
     njev: 443
   status: 2
  success: False
        x: array([-8.77397954e+02,  9.87851700e+02, -1.37131557e+00, -3.45400990e-01])
Starting minimization at [ 9.33105469e+02 -8.00292969e+02  4.88281250e-01 -5.69824219e+02]...
lres =       fun: -63885.06309169247
 hess_inv: array([[ 1.00000016e+00, -1.39271468e-07, -6.94907167e-08,
        -2.46282152e-07],
       [-1.39271468e-07,  1.00000012e+00,  5.95882748e-08,
         2.11230204e-07],
       [-6.94907167e-08,  5.95882748e-08,  1.00069569e-06,
        -3.96210460e-07],
       [-2.46282152e-07,  2.11230204e-07, -3.96210460e-07,
         8.03115984e-06]])
      jac: DeviceArray([ 6.88081059e-09, -5.90199534e-09,  2.72513716e-07,
             -7.28556188e-07])
