Splitting first generation
Generating sampling points
Constructing Gabrial graph and minimizer pool
Triangulation completed, building minimizer pool
Starting minimization at [ 1.66137695e+02 -3.82446289e+02 -3.66210938e-01 -1.33056641e+01]...
lres =       fun: -63885.06313446629
 hess_inv: array([[ 1.00058676e+00, -1.35093492e-03, -1.58006585e-05,
         2.37469652e-05],
       [-1.35093492e-03,  1.00311034e+00,  3.63809442e-05,
        -5.46773116e-05],
       [-1.58006585e-05,  3.63809442e-05,  1.00162017e-06,
        -3.98923932e-07],
       [ 2.37469652e-05, -5.46773116e-05, -3.98923932e-07,
         8.10820030e-06]])
      jac: DeviceArray([ 9.23654397e-08, -2.12670926e-07,  1.74461893e-04,
             -4.86505451e-06])
  message: 'Desired error not necessarily achieved due to precision loss.'
     nfev: 59
      nit: 27
     njev: 58
   status: 2
  success: False
        x: array([ 1.66137578e+02, -3.82446019e+02, -1.37131557e+00, -3.45400988e-01])
Starting minimization at [-1000. -1000. -1000. -1000.]...
lres =       fun: -49534.1815837047
 hess_inv: array([[ 1.00502955e+00,  5.02973987e-03, -2.11550991e+02,
        -2.11552268e+02],
       [ 5.02973987e-03,  1.00502993e+00, -2.11558908e+02,
        -2.11560184e+02],
       [-2.11550991e+02, -2.11558908e+02,  8.89817422e+06,
         8.89822691e+06],
       [-2.11552268e+02, -2.11560184e+02,  8.89822691e+06,
         8.89828160e+06]])
      jac: DeviceArray([-5.72413228e-10, -5.72356385e-10,  8.25577021e-06,
              8.25580970e-06])
  message: 'Optimization terminated successfully.'
     nfev: 14
      nit: 2
     njev: 14
   status: 0
  success: True
        x: array([ -999.98986264,  -999.98986226, -1426.39349033, -1426.39606298])
Starting minimization at [ 482.60498047 -397.27783203  992.73681641  998.10791016]...
lres =       fun: -49534.18150732832
 hess_inv: array([[ 1.77681091e+00, -6.39489914e-01, -2.60351342e+03,
        -2.61761560e+03],
       [-6.39489914e-01,  1.52644388e+00,  2.14327650e+03,
         2.15488576e+03],
       [-2.60351342e+03,  2.14327650e+03,  8.72578228e+06,
         8.77304531e+06],
       [-2.61761560e+03,  2.15488576e+03,  8.77304531e+06,
         8.82056635e+06]])
      jac: DeviceArray([ 7.23508720e-09, -5.95748872e-09, -8.31617655e-06,
             -8.36121094e-06])
  message: 'Optimization terminated successfully.'
     nfev: 14
      nit: 2
     njev: 14
   status: 0
  success: True
        x: array([ 482.47815178, -397.17342353, 1417.80832712, 1425.4818616 ])
Starting minimization at [-800.29296875  933.10546875    1.46484375 -771.97265625]...
lres =       fun: -55387.70470805037
 hess_inv: array([[ 1.00000000e+00, -6.15357119e-16, -7.29583536e-08,
         4.05141695e-11],
       [-6.15357119e-16,  1.00000000e+00,  8.50869574e-08,
        -4.72493119e-11],
       [-7.29583536e-08,  8.50869574e-08,  9.50398722e+00,
        -4.76007476e-03],
       [ 4.05141695e-11, -4.72493119e-11, -4.76007476e-03,
         1.00000266e+00]])
      jac: DeviceArray([-4.46473791e-09,  5.20609689e-09,  1.16340816e-05,
             -1.47207821e-05])
  message: 'Desired error not necessarily achieved due to precision loss.'
     nfev: 34
      nit: 1
     njev: 22
   status: 2
  success: False
        x: array([-8.00292969e+02,  9.33105469e+02, -2.70567513e-03, -7.71971851e+02])
Starting minimization at [ 766.72363281 -699.82910156    2.56347656  913.45214844]...
lres =       fun: -55387.7030858558
 hess_inv: array([[ 1.00000000e+00, -6.23934378e-13,  8.93482147e-06,
        -2.95008842e-08],
       [-6.23934378e-13,  1.00000000e+00, -8.15461466e-06,
         2.69248069e-08],
       [ 8.93482147e-06, -8.15461466e-06,  1.17552320e+02,
        -3.84821216e-01],
       [-2.95008842e-08,  2.69248069e-08, -3.84821216e-01,
         1.00127057e+00]])
      jac: DeviceArray([ 8.41467340e-09, -7.68052644e-09, -1.20777637e-03,
              8.88215661e-06])
  message: 'Desired error not necessarily achieved due to precision loss.'
     nfev: 38
      nit: 1
     njev: 26
   status: 2
  success: False
        x: array([ 7.66723633e+02, -6.99829101e+02,  2.28658435e-03,  9.13460610e+02])
Starting minimization at [-1.82922363e+02  9.85046387e+02 -9.15527344e-01 -8.73474121e+02]...
lres =       fun: -63885.06309456837
 hess_inv: array([[ 1.00000018e+00, -9.39672442e-07, -1.21707298e-07,
         3.55658586e-08],
       [-9.39672422e-07,  1.00000495e+00,  3.48529561e-07,
        -6.83707675e-08],
       [-1.21707298e-07,  3.48529561e-07,  1.00120809e-06,
        -4.02007971e-07],
       [ 3.55658586e-08, -6.83707675e-08, -4.02007971e-07,
         8.01431026e-06]])
      jac: DeviceArray([-3.08784820e-09,  1.66420193e-08, -2.81992470e-04,
             -5.28460369e-05])
  message: 'Desired error not necessarily achieved due to precision loss.'
     nfev: 481
      nit: 347
     njev: 480
   status: 2
  success: False
        x: array([-1.82085477e+02,  9.80952514e+02, -1.37131557e+00, -3.45400989e-01])
Starting minimization at [ 699.58496094 -970.58105469   -1.09863281  410.27832031]...
lres =       fun: DeviceArray(-63885.06309199)
 hess_inv: array([[ 1.00000715e+00, -8.91959804e-06, -2.08502285e-06,
        -2.43389033e-06],
       [-8.91959804e-06,  1.00001122e+00,  2.41620942e-06,
         3.17898924e-06],
       [-2.08502285e-06,  2.41620942e-06,  9.99991962e-07,
         4.11375224e-07],
       [-2.43389033e-06,  3.17898924e-06,  4.11375224e-07,
         8.01230361e-06]])
      jac: DeviceArray([ 5.73220404e-09, -7.94751998e-09, -2.48369263e-03,
             -3.02442495e-04])
  message: 'Desired error not necessarily achieved due to precision loss.'
     nfev: 322
      nit: 210
     njev: 308
   status: 2
  success: False
        x: array([ 7.00279859e+02, -9.70898955e+02, -1.37131557e+00,  3.45400985e-01])
Starting minimization at [-5.67016602e+02  8.52661133e+02 -1.22070312e-01  2.39379883e+02]...
lres =       fun: -63885.063094142024
 hess_inv: array([[ 1.00000056e+00, -8.47412163e-07, -1.28518619e-07,
        -1.53024000e-06],
       [-8.47412163e-07,  1.00000127e+00,  1.93219148e-07,
         2.30039213e-06],
       [-1.28518619e-07,  1.93219148e-07,  9.90661143e-07,
         4.02881719e-07],
       [-1.53024000e-06,  2.30039213e-06,  4.02881719e-07,
         8.08947460e-06]])
      jac: DeviceArray([-8.66955929e-09,  1.30385871e-08, -2.37484346e-06,
              1.42521458e-07])
  message: 'Optimization terminated successfully.'
     nfev: 217
      nit: 154
     njev: 217
   status: 0
  success: True
        x: array([-5.66977036e+02,  8.52601629e+02, -1.37131557e+00,  3.45400988e-01])
Starting minimization at [ 9.33105469e+02 -8.00292969e+02  4.88281250e-01 -5.69824219e+02]...
lres =       fun: -63885.06309169252
 hess_inv: array([[ 1.00000027e+00, -2.31963057e-07,  4.57870283e-07,
        -3.71091568e-08],
       [-2.31963057e-07,  1.00000020e+00, -3.92711319e-07,
         3.18109378e-08],
       [ 4.57870283e-07, -3.92711319e-07,  9.99786985e-07,
         3.92024219e-07],
       [-3.71091568e-08,  3.18109378e-08,  3.92024219e-07,
         8.02392030e-06]])
      jac: DeviceArray([ 6.87978741e-09, -5.90087978e-09,  2.01081275e-06,
              2.41844100e-06])
  message: 'Optimization terminated successfully.'
     nfev: 361
      nit: 264
     njev: 361
   status: 0
  success: True
        x: array([ 9.32641775e+02, -7.99895250e+02, -1.37131557e+00,  3.45400988e-01])
Starting minimization at [-199.95117188  866.45507812    2.19726562  887.93945312]...
lres =       fun: -55387.703324599286
 hess_inv: array([[1, 0, 0, 0],
       [0, 1, 0, 0],
       [0, 0, 1, 0],
       [0, 0, 0, 1]])
      jac: DeviceArray([-4.07590051e-09,  1.76586497e-08, -7.36117363e-06,
              9.67346001e-06])
  message: 'Optimization terminated successfully.'
     nfev: 19
      nit: 1
     njev: 19
   status: 0
  success: True
        x: array([-1.99951172e+02,  8.66455078e+02, -2.35229677e-03,  8.87942717e+02])
Starting minimization at [-100.21972656 -735.22949219   -2.07519531 -875.85449219]...
lres =       fun: -55387.70344745784
 hess_inv: array([[ 1.00000000e+00,  1.44273529e-13,  9.93590571e-07,
        -1.00030909e-09],
       [ 1.44273529e-13,  1.00000000e+00,  7.04011605e-06,
        -7.08784488e-09],
       [ 9.93590571e-07,  7.04011605e-06,  4.89802338e+01,
        -4.82811102e-02],
       [-1.00030909e-09, -7.08784488e-09, -4.82811102e-02,
         1.00004858e+00]])
      jac: DeviceArray([-4.20959623e-09, -3.09024983e-08,  1.24454498e-04,
             -1.00791119e-05])
  message: 'Desired error not necessarily achieved due to precision loss.'
     nfev: 34
      nit: 1
     njev: 22
   status: 2
  success: False
        x: array([-1.00219727e+02, -7.35229492e+02, -2.38475663e-03, -8.75856588e+02])
Starting minimization at [ 67.13867188 882.56835938  -1.22070312 798.58398438]...
lres =       fun: -55387.704339589814
 hess_inv: array([[ 1.00000000e+00,  1.36700686e-15, -2.35622640e-10,
        -1.31577836e-12],
       [ 1.36700686e-15,  1.00000000e+00, -1.79833363e-11,
        -3.61286286e-11],
       [-2.35622640e-10, -1.79833363e-11,  7.77884788e-10,
         3.27519664e-06],
       [-1.31577836e-12, -3.61286286e-11,  3.27519664e-06,
         1.00000018e+00]])
      jac: DeviceArray([ 1.34969014e-09,  1.83198097e-08, -2.16842182e-02,
              1.33687054e-05])
  message: 'Desired error not necessarily achieved due to precision loss.'
     nfev: 36
      nit: 2
     njev: 27
   status: 2
  success: False
        x: array([ 6.71386719e+01,  8.82568359e+02, -2.61551382e-03,  7.98583042e+02])
Starting minimization at [-666.50390625 -353.02734375   -1.46484375 -946.77734375]...
lres =       fun: -55387.70281056601
 hess_inv: array([[1.00000000e+00, 1.48011625e-13, 4.86274124e-06, 2.10045092e-09],
       [1.48011625e-13, 1.00000000e+00, 2.57605313e-06, 1.11271848e-09],
       [4.86274124e-06, 2.57605313e-06, 8.02428033e+01, 3.38190459e-02],
       [2.10045092e-09, 1.11271848e-09, 3.38190459e-02, 1.00001440e+00]])
      jac: DeviceArray([-2.62447770e-08, -1.39013352e-08, -8.44388343e-02,
             -8.17657072e-06])
  message: 'Desired error not necessarily achieved due to precision loss.'
     nfev: 42
      nit: 1
     njev: 30
   status: 2
  success: False
        x: array([-6.66503906e+02, -3.53027344e+02, -2.20612184e-03, -9.46776690e+02])
Starting minimization at [767.21191406 676.63574219  -0.85449219 573.12011719]...
lres =       fun: -55387.70933690675
 hess_inv: array([[ 1.00000000e+00,  1.22343301e-17, -5.88034896e-09,
         6.67531245e-12],
       [ 1.22343301e-17,  1.00000000e+00, -5.18609159e-09,
         5.88720740e-12],
       [-5.88034896e-09, -5.18609159e-09,  6.08054135e-01,
         4.17578684e-04],
       [ 6.67531245e-12,  5.88720740e-12,  4.17578684e-04,
         9.99999557e-01]])
      jac: DeviceArray([ 8.92740104e-09,  7.87362353e-09, -7.78790563e-05,
              3.59747656e-05])
  message: 'Desired error not necessarily achieved due to precision loss.'
     nfev: 32
      nit: 1
     njev: 20
   status: 2
  success: False
        x: array([7.67211914e+02, 6.76635742e+02, 3.64445317e-03, 5.73119147e+02])
Starting minimization at [-433.47167969 -966.43066406    1.58691406 -378.54003906]...
lres =       fun: -55387.72265883951
 hess_inv: array([[ 1.00000000e+00,  7.19451865e-17, -1.20348404e-08,
         8.74248487e-12],
       [ 7.19451865e-17,  1.00000000e+00, -2.68420121e-08,
         1.94997448e-11],
       [-1.20348404e-08, -2.68420121e-08,  3.15183232e+00,
        -1.74163036e-03],
       [ 8.74248487e-12,  1.94997448e-11, -1.74163036e-03,
         1.00000138e+00]])
      jac: DeviceArray([-4.38859615e-09, -9.78430137e-09, -1.02132559e-04,
             -1.24858648e-04])
  message: 'Desired error not necessarily achieved due to precision loss.'
     nfev: 35
      nit: 1
     njev: 23
   status: 2
  success: False
        x: array([-4.33471680e+02, -9.66430664e+02, -5.51781646e-03, -3.78538933e+02])
Starting minimization at [ 932.6171875  823.2421875   -2.9296875 -916.9921875]...
lres =       fun: -55387.70305271153
 hess_inv: array([[1, 0, 0, 0],
       [0, 1, 0, 0],
       [0, 0, 1, 0],
       [0, 0, 0, 1]])
      jac: DeviceArray([ 4.96385155e-09,  4.38208758e-09, -5.51342964e-07,
             -8.78242290e-06])
  message: 'Optimization terminated successfully.'
     nfev: 19
      nit: 1
     njev: 19
   status: 0
  success: True
        x: array([ 9.32617187e+02,  8.23242187e+02, -2.27773528e-03, -9.17009431e+02])
Starting minimization at [-899.78027344 -558.71582031   -1.83105469  777.22167969]...
lres =       fun: -55387.70463300651
 hess_inv: array([[1.00000000e+00, 9.17579801e-15, 5.87324204e-07, 1.49449135e-10],
       [9.17579801e-15, 1.00000000e+00, 3.64946381e-07, 9.28629707e-11],
       [5.87324204e-07, 3.64946381e-07, 2.34364101e+01, 5.67235626e-03],
       [1.49449135e-10, 9.28629707e-11, 5.67235626e-03, 1.00000143e+00]])
      jac: DeviceArray([-9.11126108e-09, -5.65743363e-09,  1.18650496e-05,
              1.44244642e-05])
  message: 'Desired error not necessarily achieved due to precision loss.'
     nfev: 35
      nit: 1
     njev: 23
   status: 2
  success: False
        x: array([-8.99780273e+02, -5.58715820e+02, -2.68739768e-03,  7.77222157e+02])
Starting minimization at [  49.98779297  750.18310547    3.47900391 -940.36865234]...
lres =       fun: -55387.70286197579
 hess_inv: array([[1.00000000e+00, 1.40175175e-11, 2.00432324e-05, 2.23161935e-07],
       [1.40175175e-11, 1.00000000e+00, 3.11845575e-04, 3.47209820e-06],
       [2.00432324e-05, 3.11845575e-04, 4.46834591e+02, 4.96392351e+00],
       [2.23161935e-07, 3.47209820e-06, 4.96392351e+00, 1.05526834e+00]])
      jac: DeviceArray([ 1.82308213e-09,  2.99050100e-08, -2.15992332e-05,
             -8.14310749e-06])
  message: 'Desired error not necessarily achieved due to precision loss.'
     nfev: 37
      nit: 1
     njev: 25
   status: 2
  success: False
        x: array([ 4.99877928e+01,  7.50183103e+02, -2.22106361e-03, -9.40407420e+02])
Starting minimization at [ 466.55273438 -333.25195312    1.70898438  983.15429688]...
lres =       fun: -55387.70254437406
 hess_inv: array([[ 1.00000000e+00, -7.47417659e-13,  5.43981643e-06,
         3.25563590e-10],
       [-7.47417659e-13,  1.00000000e+00, -3.88528637e-06,
        -2.32527398e-10],
       [ 5.43981643e-06, -3.88528637e-06,  2.84728244e+01,
         1.66425439e-03],
       [ 3.25563590e-10, -2.32527398e-10,  1.66425439e-03,
         1.00000010e+00]])
      jac: DeviceArray([ 5.50148798e-08, -3.92972055e-08,  9.20146704e-07,
              7.12640723e-06])
  message: 'Optimization terminated successfully.'
     nfev: 21
      nit: 2
     njev: 21
   status: 0
  success: True
        x: array([ 4.66552734e+02, -3.33251953e+02,  2.12449342e-03,  9.83154201e+02])
Starting minimization at [-2.83508301e+02 -2.83508301e+02  6.10351562e-02 -9.07653809e+02]...
lres =       fun: DeviceArray(-63885.06317115)
 hess_inv: array([[ 1.22170993e+00,  2.21717564e-01, -3.38460344e-04,
        -4.30073221e-04],
       [ 2.21717564e-01,  1.22172519e+00, -3.38471440e-04,
        -4.30087883e-04],
       [-3.38460344e-04, -3.38471440e-04,  9.99814931e-07,
         4.11973610e-07],
       [-4.30073221e-04, -4.30087883e-04,  4.11973610e-07,
         8.01365284e-06]])
      jac: DeviceArray([-3.82407620e-07, -3.82420922e-07, -3.37811653e-05,
              6.14908640e-06])
  message: 'Desired error not necessarily achieved due to precision loss.'
     nfev: 505
      nit: 374
     njev: 504
   status: 2
  success: False
        x: array([-222.3281872 , -222.32728902,   -1.37131557,    0.34540099])
Starting minimization at [ 999.26757812 -176.51367188   -1.70898438 -365.96679688]...
lres =       fun: -55387.724310920086
 hess_inv: array([[ 1.00000000e+00, -6.16751598e-17, -4.23727495e-08,
        -7.99271486e-12],
       [-6.16751598e-17,  1.00000000e+00,  7.48445692e-09,
         1.41178413e-12],
       [-4.23727495e-08,  7.48445692e-09,  3.93615757e+00,
         7.62984501e-04],
       [-7.99271486e-12,  1.41178413e-12,  7.62984501e-04,
         1.00000016e+00]])
      jac: DeviceArray([ 1.20094228e-08, -2.12126139e-09,  1.31782144e-05,
             -1.38172343e-04])
  message: 'Desired error not necessarily achieved due to precision loss.'
     nfev: 32
      nit: 1
     njev: 20
   status: 2
  success: False
        x: array([ 9.99267578e+02, -1.76513672e+02, -5.70737605e-03, -3.65966539e+02])
Starting minimization at [-500.36621094  233.27636719    1.09863281  942.26074219]...
lres =       fun: -55387.70285657224
 hess_inv: array([[ 1.00000000e+00, -1.65067857e-14, -4.35936573e-07,
        -3.07998456e-10],
       [-1.65067857e-14,  1.00000000e+00,  2.03252022e-07,
         1.43601992e-10],
       [-4.35936573e-07,  2.03252022e-07,  4.30392230e+00,
         2.37108169e-03],
       [-3.07998456e-10,  1.43601992e-10,  2.37108169e-03,
         1.00000170e+00]])
      jac: DeviceArray([-6.86363819e-08,  3.19994768e-08, -1.00852661e-02,
              8.11884713e-06])
  message: 'Desired error not necessarily achieved due to precision loss.'
     nfev: 35
      nit: 1
     njev: 23
   status: 2
  success: False
        x: array([-5.00366211e+02,  2.33276367e+02, -2.21669683e-03,  9.42259972e+02])
Starting minimization at [ 533.203125 -400.390625    1.953125 -865.234375]...
lres =       fun: -55387.70355925096
 hess_inv: array([[ 1.00000000e+00, -5.06958670e-13,  5.01198401e-06,
         2.96132342e-09],
       [-5.06958670e-13,  1.00000000e+00, -3.76460492e-06,
        -2.22431057e-09],
       [ 5.01198401e-06, -3.76460492e-06,  3.75690340e+01,
         2.15802561e-02],
       [ 2.96132342e-09, -2.22431057e-09,  2.15802561e-02,
         1.00001273e+00]])
      jac: DeviceArray([ 3.43693500e-08, -2.58084896e-08, -6.21564686e-05,
             -1.04550394e-05])
  message: 'Desired error not necessarily achieved due to precision loss.'
     nfev: 40
      nit: 1
     njev: 28
   status: 2
  success: False
        x: array([ 5.33203125e+02, -4.00390625e+02,  2.41403032e-03, -8.65235537e+02])
Starting minimization at [-6.50207520e+02  5.16784668e+02  5.49316406e-01  4.74670410e+02]...
lres =       fun: -55387.714059850085
 hess_inv: array([[ 1.00000000e+00, -1.32335211e-18, -1.87321603e-09,
        -1.95439599e-12],
       [-1.32335211e-18,  1.00000000e+00,  1.48876872e-09,
         1.55328838e-12],
       [-1.87321603e-09,  1.48876872e-09,  7.03857762e-02,
        -9.60073426e-04],
       [-1.95439599e-12,  1.55328838e-12, -9.60073426e-04,
         9.99999009e-01]])
      jac: DeviceArray([-1.74092918e-08,  1.38365976e-08, -5.56055456e-05,
              6.33231512e-05])
  message: 'Desired error not necessarily achieved due to precision loss.'
     nfev: 32
      nit: 1
     njev: 20
   status: 2
  success: False
        x: array([-6.50207520e+02,  5.16784668e+02,  4.40033594e-03,  4.74669843e+02])
Starting minimization at [ 233.27636719 -500.36621094    1.34277344 -808.95996094]...
lres =       fun: -55387.70421702911
 hess_inv: array([[ 1.00000000e+00, -3.69867161e-14,  3.73525056e-07,
        -2.51889161e-10],
       [-3.69867161e-14,  1.00000000e+00, -8.01335558e-07,
         5.40386045e-10],
       [ 3.73525056e-07, -8.01335558e-07,  7.31982544e+00,
        -4.29540130e-03],
       [-2.51889161e-10,  5.40386045e-10, -4.29540130e-03,
         1.00000292e+00]])
      jac: DeviceArray([ 3.19923288e-08, -6.86347903e-08, -5.18880785e-04,
             -1.27908784e-05])
  message: 'Desired error not necessarily achieved due to precision loss.'
     nfev: 38
      nit: 1
     njev: 26
   status: 2
  success: False
        x: array([ 2.33276367e+02, -5.00366211e+02,  2.58196617e-03, -8.08959065e+02])
Starting minimization at [-333.25195312  466.55273438    0.73242188  687.25585938]...
lres =       fun: -63885.06311570923
 hess_inv: array([[ 1.00051864e+00, -4.16242404e-04, -2.25589292e-05,
        -1.37402608e-05],
       [-4.16242404e-04,  1.00033785e+00,  1.78450915e-05,
         1.40317484e-05],
       [-2.25589292e-05,  1.78450915e-05,  9.98147812e-07,
         3.99461340e-07],
       [-1.37402608e-05,  1.40317484e-05,  3.99461340e-07,
         8.08798622e-06]])
      jac: DeviceArray([-6.26636734e-08,  9.16371903e-08, -2.65579729e-06,
             -1.06316293e-07])
  message: 'Optimization terminated successfully.'
     nfev: 407
      nit: 301
     njev: 407
   status: 0
  success: True
        x: array([-3.00865828e+02,  4.39986205e+02, -1.37131557e+00,  3.45400988e-01])
Starting minimization at [  50.47607422 -867.49267578   -1.89208984 -546.32568359]...
lres =       fun: -55387.710375172945
 hess_inv: array([[ 1.00000000e+00, -5.25284735e-16,  1.46585468e-06,
         1.07517253e-11],
       [-5.25284735e-16,  1.00000000e+00, -8.52975767e-08,
        -2.71162165e-10],
       [ 1.46585468e-06, -8.52975767e-08,  1.69418497e-09,
        -6.99849608e-06],
       [ 1.07517253e-11, -2.71162165e-10, -6.99849608e-06,
         1.00000469e+00]])
      jac: DeviceArray([ 9.59289537e-10, -1.93777936e-08,  2.98768282e-06,
             -4.15318455e-05])
  message: 'Desired error not necessarily achieved due to precision loss.'
     nfev: 43
      nit: 2
     njev: 32
   status: 2
  success: False
        x: array([ 5.04760742e+01, -8.67492676e+02, -3.82318001e-03, -5.46326901e+02])
Starting minimization at [ 2.99926758e+02  8.33374023e+02  6.10351562e-01 -2.05688477e+02]...
lres =       fun: -63885.063096840895
 hess_inv: array([[1.00000697e+00, 1.93713355e-05, 1.86751446e-06, 5.42442264e-07],
       [1.93713355e-05, 1.00005385e+00, 5.19058903e-06, 1.50767185e-06],
       [1.86751446e-06, 5.19058903e-06, 1.00120126e-06, 4.01106218e-07],
       [5.42442264e-07, 1.50767185e-06, 4.01106218e-07, 8.04827692e-06]])
      jac: DeviceArray([ 8.21142976e-09,  2.27763479e-08, -1.20417099e-07,
             -4.47034836e-08])
  message: 'Optimization terminated successfully.'
     nfev: 199
      nit: 141
     njev: 199
   status: 0
  success: True
        x: array([ 2.99903072e+02,  8.33308166e+02,  1.37131557e+00, -3.45400988e-01])
Starting minimization at [-7.33154297e+02 -7.33154297e+02  2.44140625e-01 -2.42919922e+02]...
lres =       fun: -63885.06309394459
 hess_inv: array([[ 1.00000069e+00,  6.92857667e-07, -5.90924590e-07,
         2.88406181e-07],
       [ 6.92857667e-07,  1.00000069e+00, -5.90944686e-07,
         2.88407964e-07],
       [-5.90924590e-07, -5.90944686e-07,  9.99235865e-07,
         3.83369810e-07],
       [ 2.88406181e-07,  2.88407964e-07,  3.83369810e-07,
         7.91953424e-06]])
      jac: DeviceArray([-1.06680318e-08, -1.06682165e-08,  5.35869593e-04,
              1.01361918e-04])
  message: 'Desired error not necessarily achieved due to precision loss.'
     nfev: 240
      nit: 163
     njev: 229
   status: 2
  success: False
        x: array([-7.33102200e+02, -7.33102189e+02, -1.37131557e+00,  3.45400989e-01])
Starting minimization at [833.37402344 299.92675781   1.83105469 370.23925781]...
lres =       fun: -55387.723732528146
 hess_inv: array([[ 1.00000000e+00,  3.04791490e-16, -1.57407744e-11,
         9.78058955e-12],
       [ 3.04791490e-16,  1.00000000e+00, -3.14817930e-11,
         3.53880282e-12],
       [-1.57407744e-11, -3.14817930e-11,  3.80116861e-09,
         1.52374655e-05],
       [ 9.78058955e-12,  3.53880282e-12,  1.52374655e-05,
         1.00000056e+00]])
      jac: DeviceArray([ 1.72563546e-08,  6.21158591e-09, -1.39123261e-01,
              1.35562543e-04])
  message: 'Desired error not necessarily achieved due to precision loss.'
     nfev: 19
      nit: 2
     njev: 18
   status: 2
  success: False
        x: array([ 8.33374023e+02,  2.99926758e+02, -5.64149537e-03,  3.70240264e+02])
Starting minimization at [-9.66430664e+02 -4.33471680e+02  8.54492188e-01  4.11376953e+01]...
lres =       fun: -63885.06309361687
 hess_inv: array([[ 1.00001376e+00,  6.17307472e-06, -1.06599917e-06,
         7.26216807e-06],
       [ 6.17307472e-06,  1.00000277e+00, -4.78158728e-07,
         3.25748815e-06],
       [-1.06599917e-06, -4.78158728e-07,  9.94490058e-07,
        -4.07137298e-07],
       [ 7.26216807e-06,  3.25748815e-06, -4.07137298e-07,
         8.08517793e-06]])
      jac: DeviceArray([-1.29074635e-08, -5.78852166e-09, -4.98315785e-07,
             -5.41331246e-08])
  message: 'Optimization terminated successfully.'
     nfev: 92
      nit: 51
     njev: 92
   status: 0
  success: True
        x: array([-9.66430428e+02, -4.33471574e+02, -1.37131557e+00, -3.45400988e-01])
Starting minimization at [882.99560547  73.42529297  -1.40380859 101.62353516]...
lres =       fun: -63885.06309683132
 hess_inv: array([[ 1.00003801e+00,  3.16124343e-06, -4.85346773e-06,
         2.21536267e-06],
       [ 3.16124343e-06,  1.00000026e+00, -4.03645947e-07,
         1.84248097e-07],
       [-4.85346773e-06, -4.03645947e-07,  1.00060878e-06,
         3.95652341e-07],
       [ 2.21536267e-06,  1.84248097e-07,  3.95652341e-07,
         8.02893929e-06]])
      jac: DeviceArray([ 2.40841302e-08,  2.00268602e-09,  1.20446202e-07,
             -1.81898940e-08])
  message: 'Optimization terminated successfully.'
     nfev: 159
      nit: 93
     njev: 159
   status: 0
  success: True
        x: array([ 8.82987555e+02,  7.34246233e+01,  1.37131557e+00, -3.45400988e-01])
Starting minimization at [-8.66943359e+02  5.88378906e+01 -7.32421875e-01 -3.88183594e+01]...
lres =       fun: -63885.06309725686
 hess_inv: array([[ 1.00013446e+00, -9.12570309e-06,  2.81721209e-06,
        -2.31223733e-05],
       [-9.12570309e-06,  1.00000062e+00, -1.91210790e-07,
         1.56936989e-06],
       [ 2.81721209e-06, -1.91210790e-07,  9.91835887e-07,
        -4.07134202e-07],
       [-2.31223733e-05,  1.56936989e-06, -4.07134202e-07,
         8.08644573e-06]])
      jac: DeviceArray([-2.55629402e-08,  1.73502368e-09,  3.08759627e-05,
              2.13739695e-05])
  message: 'Desired error not necessarily achieved due to precision loss.'
     nfev: 100
      nit: 49
     njev: 89
   status: 2
  success: False
        x: array([-8.66942921e+02,  5.88378609e+01,  1.37131557e+00,  3.45400989e-01])
Starting minimization at [ 6.33422852e+02 -9.97314453e+01  1.22070312e-01  6.46362305e+02]...
lres =       fun: -63885.063106986956
 hess_inv: array([[ 1.00001723e+00, -2.71309007e-06,  2.87213220e-06,
         5.40997609e-06],
       [-2.71309007e-06,  1.00000043e+00, -4.52213968e-07,
        -8.51800601e-07],
       [ 2.87213220e-06, -4.52213968e-07,  9.90429706e-07,
         3.80240116e-07],
       [ 5.40997609e-06, -8.51800601e-07,  3.80240116e-07,
         8.04692653e-06]])
      jac: DeviceArray([ 6.49346816e-08, -1.02232143e-08,  6.22354855e-06,
              1.36659946e-06])
  message: 'Optimization terminated successfully.'
     nfev: 400
      nit: 291
     njev: 400
   status: 0
  success: True
        x: array([ 6.27013675e+02, -9.87223270e+01, -1.37131557e+00,  3.45400988e-01])
Starting minimization at [-7.50793457e+02 -1.91223145e+02 -4.27246094e-01  3.05725098e+02]...
lres =       fun: DeviceArray(-55387.73526109)
 hess_inv: array([[ 9.94576530e-01, -1.37029474e-03,  1.07694615e-03,
         4.81918026e+01],
       [-1.37029474e-03,  9.99653781e-01,  2.72101402e-04,
         1.21761489e+01],
       [ 1.07694615e-03,  2.72101402e-04, -2.13845012e-04,
        -9.56949314e+00],
       [ 4.81918026e+01,  1.21761489e+01, -9.56949314e+00,
        -4.28221154e+05]])
      jac: DeviceArray([-2.65526410e-08, -6.76303813e-09, -6.55603288e-02,
              2.38471871e-04])
  message: 'Desired error not necessarily achieved due to precision loss.'
     nfev: 44
      nit: 3
     njev: 32
   status: 2
  success: False
        x: array([-7.50793457e+02, -1.91223145e+02, -6.83200511e-03,  3.05724419e+02])
Starting minimization at [ 367.06542969  205.68847656   -1.58691406 -972.04589844]...
lres =       fun: -63885.06316331193
 hess_inv: array([[ 1.00199171e+00,  1.11527529e-03,  3.93833884e-05,
        -9.49123989e-06],
       [ 1.11527527e-03,  1.00062451e+00,  2.20484732e-05,
        -5.30928049e-06],
       [ 3.93833884e-05,  2.20484732e-05,  9.98121581e-07,
        -4.15180117e-07],
       [-9.49123989e-06, -5.30928049e-06, -4.15180117e-07,
         8.03064374e-06]])
      jac: DeviceArray([ 4.08089136e-07,  2.28719983e-07, -8.20401328e-04,
             -1.28777348e-04])
  message: 'Desired error not necessarily achieved due to precision loss.'
     nfev: 530
      nit: 385
     njev: 519
   status: 2
  success: False
        x: array([287.86366948, 161.33418628,  -1.37131557,  -0.34540099])
Starting minimization at [-1.99462891e+02 -7.64892578e+02 -2.44140625e-01  5.94482422e+02]...
lres =       fun: -55387.70861340027
 hess_inv: array([[ 1.00000000e+00,  1.69653048e-20,  9.49239233e-11,
        -3.82255132e-14],
       [ 1.69653048e-20,  1.00000000e+00,  3.64830298e-10,
        -1.46915085e-13],
       [ 9.49239233e-11,  3.64830298e-10,  4.41045877e-03,
         4.00227601e-04],
       [-3.82255132e-14, -1.46915085e-13,  4.00227601e-04,
         9.99999839e-01]])
      jac: DeviceArray([-6.51107257e-09, -2.49641801e-08, -9.62227583e-04,
              3.22288564e-05])
  message: 'Desired error not necessarily achieved due to precision loss.'
     nfev: 33
      nit: 1
     njev: 21
   status: 2
  success: False
        x: array([-1.99462891e+02, -7.64892578e+02,  3.51348674e-03,  5.94482322e+02])
Starting minimization at [ 5.33691406e+02  4.70214844e+02 -4.88281250e-01 -6.48925781e+02]...
lres =       fun: -63885.063103041684
 hess_inv: array([[ 1.00360467e+00,  3.18617732e-03,  2.72334092e-05,
        -9.69204620e-05],
       [ 3.18617732e-03,  1.00281633e+00,  2.42950945e-05,
        -8.55716704e-05],
       [ 2.72334092e-05,  2.42950945e-05,  1.00387043e-06,
        -3.95422207e-07],
       [-9.69204620e-05, -8.55716704e-05, -3.95422207e-07,
         8.10410902e-06]])
      jac: DeviceArray([ 3.59992782e-08,  3.17432693e-08, -1.46195816e-06,
              6.91739842e-07])
  message: 'Optimization terminated successfully.'
     nfev: 412
      nit: 290
     njev: 411
   status: 0
  success: True
        x: array([5.28695134e+02, 4.66192819e+02, 1.37131557e+00, 3.45400988e-01])
Starting minimization at [-333.74023438 -411.86523438   -2.68554688  830.32226562]...
lres =       fun: -55387.703955822035
 hess_inv: array([[1.00000000e+00, 3.31021531e-11, 5.76210904e-05, 2.58697806e-07],
       [3.31021531e-11, 1.00000000e+00, 7.10980199e-05, 3.19204336e-07],
       [5.76210904e-05, 7.10980199e-05, 1.24528265e+02, 5.54572274e-01],
       [2.58697806e-07, 3.19204336e-07, 5.54572274e-01, 1.00248971e+00]])
      jac: DeviceArray([-5.38482254e-08, -6.64559821e-08, -1.17171556e-04,
              1.18301478e-05])
  message: 'Desired error not necessarily achieved due to precision loss.'
     nfev: 41
      nit: 1
     njev: 29
   status: 2
  success: False
        x: array([-3.33740233e+02, -4.11865233e+02, -2.51549868e-03,  8.30334323e+02])
Starting minimization at [-9.97314453e+01  6.33422852e+02  3.66210938e-01 -6.06811523e+02]...
lres =       fun: DeviceArray(-63885.06310688)
 hess_inv: array([[ 1.03381685e+00, -2.15768236e-01,  7.59103247e-05,
         3.94871118e-04],
       [-2.15768236e-01,  2.37658551e+00, -4.84219314e-04,
        -2.51937682e-03],
       [ 7.59103247e-05, -4.84219314e-04,  9.99322729e-07,
         4.03376549e-07],
       [ 3.94871118e-04, -2.51937682e-03,  4.03376549e-07,
         8.08381345e-06]])
      jac: DeviceArray([-1.01008482e-08,  6.44351417e-08, -3.63276340e-05,
             -2.99800595e-05])
  message: 'Desired error not necessarily achieved due to precision loss.'
     nfev: 415
      nit: 279
     njev: 399
   status: 2
  success: False
        x: array([-9.89621573e+01,  6.28612436e+02,  1.37131557e+00, -3.45400989e-01])
Starting minimization at [ 399.4140625 -706.0546875   -0.9765625  217.7734375]...
lres =       fun: -55387.770435607556
 hess_inv: array([[ 1.00000000e+00, -1.88998068e-18,  3.71871936e-10,
        -2.23387679e-08],
       [-1.88998068e-18,  1.00000000e+00, -2.21946586e-10,
         3.43547905e-08],
       [ 3.71871936e-10, -2.21946586e-10,  5.31329883e-08,
        -9.72024929e-04],
       [-2.23387679e-08,  3.43547905e-08, -9.72024929e-04,
         2.20666101e+01]])
      jac: DeviceArray([ 1.17473746e-08, -2.07735553e-08,  7.74376281e-03,
              6.56141140e-04])
  message: 'Desired error not necessarily achieved due to precision loss.'
     nfev: 35
      nit: 2
     njev: 25
   status: 2
  success: False
        x: array([ 3.99414062e+02, -7.06054687e+02,  9.59137276e-03,  2.17770413e+02])
Starting minimization at [-283.99658203  338.07373047   -2.38037109 -575.13427734]...
lres =       fun: -55387.709291078536
 hess_inv: array([[ 1.00000000e+00, -3.87545216e-12,  1.08785941e-05,
        -3.93532981e-08],
       [-3.87545216e-12,  1.00000000e+00, -1.29474632e-05,
         4.68374355e-08],
       [ 1.08785941e-05, -1.29474632e-05,  3.66810149e+01,
        -1.29001488e-01],
       [-3.93532981e-08,  4.68374355e-08, -1.29001488e-01,
         1.00046638e+00]])
      jac: DeviceArray([-9.52168762e-08,  1.13351234e-07, -4.33027744e-05,
             -3.55971068e-05])
  message: 'Desired error not necessarily achieved due to precision loss.'
     nfev: 36
      nit: 1
     njev: 24
   status: 2
  success: False
        x: array([-2.83996581e+02,  3.38073730e+02, -3.63162938e-03, -5.75142907e+02])
Starting minimization at [-133.7890625 -133.7890625    0.9765625  329.1015625]...
lres =       fun: DeviceArray(-63885.06341457)
 hess_inv: array([[8.13980216e+00, 7.14057031e+00, 1.11706189e-03, 4.72470624e-03],
       [7.14057031e+00, 8.14133855e+00, 1.11718046e-03, 4.72521575e-03],
       [1.11706189e-03, 1.11718046e-03, 9.93478463e-07, 4.14898004e-07],
       [4.72470624e-03, 4.72521575e-03, 4.14898004e-07, 8.06674777e-06]])
      jac: DeviceArray([-2.90344019e-06, -2.90375385e-06, -8.49267817e-05,
             -4.99270391e-06])
  message: 'Desired error not necessarily achieved due to precision loss.'
     nfev: 284
      nit: 181
     njev: 272
   status: 2
  success: False
        x: array([-113.11866913, -113.11355148,   -1.37131557,    0.34540099])
Starting minimization at [-4.99145508e+02 -8.82568359e+01 -6.10351562e-01 -6.74194336e+02]...
lres =       fun: -55387.706496270606
 hess_inv: array([[ 1.00000000e+00,  6.99709454e-17,  2.96060564e-08,
         2.35430125e-11],
       [ 6.99709454e-17,  1.00000000e+00,  5.23498257e-09,
         4.16290742e-12],
       [ 2.96060564e-08,  5.23498257e-09,  2.19228483e-01,
        -6.11754001e-04],
       [ 2.35430125e-11,  4.16290742e-12, -6.11754001e-04,
         9.99999521e-01]])
      jac: DeviceArray([-9.63461275e-08, -1.70361574e-08, -1.86625868e-04,
             -2.20986691e-05])
  message: 'Desired error not necessarily achieved due to precision loss.'
     nfev: 36
      nit: 1
     njev: 24
   status: 2
  success: False
        x: array([-4.99145508e+02, -8.82568359e+01,  3.09807834e-03, -6.74193849e+02])
Starting minimization at [ -34.05761719  265.01464844   -1.34277344 -340.45410156]...
lres =       fun: DeviceArray(-55387.72832558)
 hess_inv: array([[ 7.55124669e-01,  1.96189342e+00, -7.25324207e-03,
        -4.02487968e+02],
       [ 1.96189342e+00, -1.47183023e+01,  5.81101622e-02,
         3.22465402e+03],
       [-7.25324207e-03,  5.81101622e-02, -2.14827075e-04,
        -1.19214409e+01],
       [-4.02487968e+02,  3.22465402e+03, -1.19214409e+01,
        -6.61545859e+05]])
      jac: DeviceArray([-8.07249307e-08,  6.62025968e-07, -6.78384677e-04,
             -1.71613067e-04])
  message: 'Desired error not necessarily achieved due to precision loss.'
     nfev: 47
      nit: 3
     njev: 35
   status: 2
  success: False
        x: array([-3.40576170e+01,  2.65014647e+02,  6.13511226e-03, -3.40451696e+02])
Successfully completed construction of complex.
